-4.2 -4.25 -4.22 -3.92 -4.12 
-3.27 -3.31 -3.3 -3.27 -3.25 
-1.67 -1.61 -1.57 -1.78 -1.65 
-0.57 -0.72 -0.6 -0.75 -0.75 
-1.55 -1.65 -1.78 -1.67 -1.61 
0 0 0 0 0 
0 0 0 0 0 
0 0 0 0 0 
0 0 0 0 0 
-0.54 -0.39 -0.39 -0.39 -0.2 
0 0 0 0 0 
0 0 0 0 0 
0 0 0 0 0 
0 0 0 0 0 
0 0 0 0 0 
0 0 0 0 0 
0 0 0 0 0 
0 0 0 0 0 
0 0 0 0 0 
0 0 0 0 0 
0 0 0 0 0 
0 0 0 0 0 
0 0 0 0 0 
0 0 0 0 0 
0 0 0 0 0 
0 0 0 0 0 
0 0 0 0 0 
0 0 0 0 0 
0 0 0 0 0 
0 0 0 0 0 
-3.41 -3.42 -3.38 -3.51 -3.32 
-3.5 -3.42 -3.57 -3.54 -3.63 
-3.77 -3.82 -3.77 -3.79 -3.76 
-1.52 -1.66 -1.44 -1.51 -1.58 
-2.17 -2.29 -2.43 -2.16 -2.21 
0 0 0 0 0 
0 0 0 0 0 
0 0 0 0 0 
-0.49 0 -0.59 -0.36 -0.45 
-1.17 -1.27 -0.99 -0.96 -1.31 
0 0 0 0 0 
0.0 0.0 0.0 0.0 0.0 
-0.27 -0.14 0.0 0.0 0.0 
0 0 0 0 0 
-0.36 -0.79 -0.2 0 0 
0 0 0 0 0 
0 0 0 0 0 
0.0 0.0 0.0 0.0 0.0 
0.0 0.0 0.0 0.0 0.0 
-2.28 -2.37 -2.27 -2.27 -2.33 
0 0 0 0 0 
0.0 0 0 0 0 
0 0 0 0 0 
0 0 0 0 0 
0 0 0 0 0 
0 0 0 0 0 
0 0 0 0 0 
0 0 0 0 0 
0 0 0 0 0 
0 0 0 0 0 
-3.7 -3.7 -3.68 -3.66 -3.64 
-4.21 -4.19 -4.2 -4.19 -4.19 
-3.77 -3.92 -3.79 -3.9 -3.83 
-1.72 -1.44 -1.32 -1.51 -1.46 
-3.3 -3.38 -3.4 -3.37 -3.41 
0 0 0 0 0 
0 0 0 0 0 
0 0 0 0 0 
-0.2 0 0 0 0 
-0.54 -0.89 0 -0.36 -0.49 
0 0 -0.49 0 -0.2 
0.0 -0.02 0.0 0.0 0.0 
-0.09 -0.04 -0.04 -0.11 -0.02 
0.0 0.0 0.0 0.0 -0.18 
-2.74 -2.64 -2.72 -2.72 -2.9 
-0.2 0 0 -0.2 0 
0.0 0.0 0.0 0.0 0.0 
0.0 0.0 0.0 0.0 0.0 
-0.71 -0.18 -0.09 0.0 0.0 
-4.14 -4.29 -3.89 -4.0 -3.25 
0 0 0 0 0 
0 0 0 0.0 0 
-0.02 0.0 0.0 0.0 -0.55 
-0.39 0.0 0 -0.14 0.0 
-2.14 -1.94 -2.08 -1.99 -2.58 
0 0 0 0 0 
0.0 0 0.0 0.0 0.0 
0.0 0.0 0.0 0 0 
-0.76 0.0 0.0 0.0 0.0 
-4.85 -4.86 -4.85 -4.85 -4.79 
