-4.58 -4.58 -4.59 -4.57 -4.56 
-4.22 -4.25 -4.26 -4.23 -4.22 
-2.86 -3.13 -2.9 -2.84 -2.84 
-1.26 -0.89 -0.77 -0.92 -1.06 
-1.88 -1.89 -2.08 -1.93 -2.05 
0 0 0 0 0 
0 0 0 0 0 
0 0 0 0 0 
-0.58 -0.36 -0.2 0 0 
-1.63 -1.69 -1.54 -1.49 -1.67 
0 0 0 0 0 
0 0 0 0 0 
0 0 0 0 0 
0 0 0 0 0 
0 0 0 0 0 
0 0 0 0 0 
0 0 0 0 0 
0 0 0 0 0 
-0.36 -0.63 -0.39 -0.2 -0.2 
-0.2 -0.49 -0.2 -0.2 -0.2 
0 0 0 0 0 
0 0 0 0 0 
0 0 0 0 0 
0 0 0 0 0 
0 0 0 0 0 
0 0 0 0 0 
0 0 0 0 0 
0 0 0 0 0 
0 0 0 0 0 
-0.89 -1.1 -1.06 -1.06 -0.75 
-4.65 -4.64 -4.66 -4.64 -4.64 
-4.57 -4.56 -4.56 -4.55 -4.55 
-4.53 -4.52 -4.42 -4.51 -4.54 
-2.14 -2.24 -2.19 -2.24 -2.17 
-4.07 -4.07 -4.09 -4.07 -4.07 
0 0 0 0 0 
0 0 0 0 0 
0 0 0 0 0 
-0.49 0 -0.59 -0.36 -0.45 
-1.88 -1.94 -1.87 -1.84 -1.82 
0 0 0 0 0 
0.0 0.0 0.0 0.0 0.0 
-0.22 -0.93 0.0 0.0 0.0 
0 0 0 0 0 
-1.5 -1.03 -1.05 -0.92 -1.08 
0 0 0 0 0 
0 0 0 0 0 
0.0 0.0 0.0 0.0 0.0 
0.0 0.0 -0.2 0.0 0.0 
-3.51 -3.56 -3.58 -3.56 -3.54 
0 0 0 0 0 
0.0 0 0 0 0 
0 0 0 0 0 
0 0 0 0 0 
-0.2 -0.23 0 0 0 
0 0 0 0 0 
0 0 0 0 0 
0 0 0 0 0 
0 0 0 0 0 
-1.35 -1.43 -1.29 -1.47 -1.62 
-4.25 -4.25 -4.27 -4.25 -4.3 
-4.66 -4.66 -4.66 -4.66 -4.66 
-4.37 -4.33 -4.22 -4.44 -4.48 
-2.86 -2.8 -2.82 -2.77 -2.98 
-4.35 -4.35 -4.4 -4.15 -4.35 
0 0 0 0 0 
0 0 0 0 0 
0 0 0 0 0 
-0.2 0 0 0 0 
-2.33 -2.25 -2.28 -2.3 -2.68 
0 0 -0.49 0 -0.2 
0.0 -0.02 0.0 0.0 0.0 
-0.04 -0.91 -0.85 -0.56 -0.1 
-0.44 -0.42 -0.62 0.0 -0.18 
-4.1 -4.09 -4.12 -4.06 -3.64 
-0.36 -0.2 0 -0.2 0 
0.0 0.0 0.0 0.0 0.0 
-1.23 -0.47 0.0 0.0 -0.4 
-0.3 -0.11 -0.02 0.0 0.0 
-4.53 -4.3 -4.46 -4.41 -4.55 
-0.2 -0.2 -0.2 0 -0.2 
-0.2 0.0 0.0 0.0 0 
-0.02 -0.15 -0.01 -0.01 -0.66 
-0.2 0.0 0.0 -0.11 0.0 
-2.8 -2.97 -2.78 -2.83 -3.0 
-0.57 -0.55 -0.54 -0.57 -0.46 
0.0 0 0.0 0.0 0.0 
0.0 0.0 0.0 0 0.0 
-0.02 0.0 0.0 0.0 -0.02 
-4.78 -4.78 -4.78 -4.78 -4.77 
