-4.02 -3.95 -3.98 -4.03 -3.99 
-2.39 -1.98 -1.87 -2.21 -2.16 
-1.13 -1.04 -0.84 -0.57 -1.25 
-0.57 -0.72 -0.6 -0.75 -0.75 
-0.86 -0.87 -0.75 -0.75 -0.82 
0 0 0 0 0 
0 0 0 0 0 
0 0 0 0 0 
0 0 0 0 0 
-0.54 -0.39 -0.39 -0.39 -0.2 
0 0 0 0 0 
0 0 0 0 0 
0 0 0 0 0 
0 0 0 0 0 
0 0 0 0 0 
0 0 0 0 0 
0 0 0 0 0 
0 0 0 0 0 
0 0 0 0 0 
0 0 0 0 0 
0 0 0 0 0 
0 0 0 0 0 
0 0 0 0 0 
0 0 0 0 0 
0 0 0 0 0 
0 0 0 0 0 
0 0 0 0 0 
0 0 0 0 0 
0 0 0 0 0 
0 0 0 0 0 
-2.02 -2.13 -2.23 -1.94 -2.29 
-3.0 -2.74 -2.87 -3.0 -2.78 
-3.06 -3.02 -2.89 -3.12 -3.13 
-0.36 -0.49 0 -0.2 -0.2 
-0.67 0 -0.65 -0.59 -0.49 
0 0 0 0 0 
0 0 0 0 0 
0 0 0 0 0 
-0.49 0 -0.36 -0.2 0 
-1.06 -1.14 -0.87 -0.79 -1.05 
0 0 0 0 0 
0.0 0.0 0.0 0.0 0.0 
0.0 -0.18 0.0 0.0 0.0 
0 0 0 0 0 
0 0 0 0 0 
0 0 0 0 0 
0 0 0 0 0 
0.0 0.0 0.0 0.0 0.0 
0 0 0 0 0.0 
-1.7 -1.78 -1.66 -1.69 -1.6 
0 0 0 0 0 
0.0 0 0 0 0 
0 0 0 0 0 
0 0 0 0 0 
0 0 0 0 0 
0 0 0 0 0 
0 0 0 0 0 
0 0 0 0 0 
0 0 0 0 0 
0 0 0 0 0 
-2.62 -2.52 -2.39 -2.75 -2.59 
-2.51 -2.64 -2.55 -2.34 -2.39 
-2.9 -2.89 -2.91 -2.86 -2.95 
-0.88 -1.23 -1.06 -0.57 -1.0 
-1.98 -1.58 -1.39 -1.48 -1.35 
0 0 0 0 0 
0 0 0 0 0 
0 0 0 0 0 
0 0 0 0 0 
-0.42 0 0 -0.36 -0.36 
0 0 -0.49 0 -0.2 
0.0 -0.16 0.0 0.0 0.0 
-0.02 -0.38 0.0 -0.02 -0.02 
0.0 0.0 0.0 0.0 0.0 
-1.22 -1.45 -1.49 -1.35 -1.27 
0 0 0 0 0 
0.0 0.0 0.0 0.0 0.0 
0.0 0.0 0.0 0.0 0.0 
0.0 0.0 -0.49 0.0 0.0 
-3.59 -3.57 -3.58 -3.5 -3.51 
0 0 0 0 0 
0 0 0 0.0 0 
-0.09 0.0 0.0 0.0 0.0 
0.0 0 0 -0.23 0.0 
-0.89 -0.76 -0.57 -0.7 -0.66 
0 0 0 0 0 
0.0 0 0.0 0.0 0.0 
0.0 0.0 0.0 0 0 
0.0 0.0 0.0 0.0 0.0 
-4.39 -3.46 -4.38 -4.38 -4.43 
