-4.68 -4.67 -4.65 -4.65 -4.67 
-4.37 -4.38 -4.38 -4.38 -4.39 
-3.25 -3.27 -3.27 -3.42 -3.47 
-1.26 -0.89 -0.77 -0.92 -1.06 
-2.0 -1.89 -2.08 -1.93 -2.05 
0 0 0 0 0 
0 0 0 0 0 
0 0 0 0 0 
-0.58 -0.36 -0.2 0 0 
-2.21 -2.36 -2.22 -2.24 -2.38 
0 0 0 0 0 
0 0 0 0 0 
0 0 0 0 0 
0 0 0 0 0 
0 0 0 0 0 
0 0 0 0 0 
0 0 0 0 0 
0 0 0 0 0 
-0.36 -0.63 -0.39 -0.2 -0.2 
-0.2 -0.49 -0.2 -0.2 -0.2 
0 0 0 0 0 
0 0 0 0 0 
0 0 0 0 0 
0 0 0 0 0 
0 0 0 0 0 
0 0 0 0 0 
0 0 0 0 0 
0 0 0 0 0 
0 0 0 0 0 
-0.89 -1.1 -1.06 -1.06 -0.75 
-4.73 -4.73 -4.73 -4.72 -4.72 
-4.61 -4.61 -4.61 -4.61 -4.63 
-4.48 -4.52 -4.46 -4.51 -4.48 
-2.25 -2.35 -2.3 -2.34 -2.38 
-4.41 -4.4 -4.4 -4.4 -4.44 
0 0 0 0 0 
0 0 0 0 0 
0 0 0 0 0 
-0.49 -0.7 -0.59 -0.52 -0.45 
-1.88 -1.94 -1.87 -1.84 -1.82 
0 0 0 0 0 
0.0 0.0 0.0 0.0 0.0 
-0.22 -0.93 0.0 0.0 0.0 
0 0 0 0 0 
-1.5 -1.19 -1.21 -1.24 -1.08 
0 0 0 0 0 
0 0 0 0 0 
0.0 0.0 0.0 0.0 0.0 
0.0 0.0 -0.16 0.0 0.0 
-3.62 -3.62 -3.24 -3.56 -3.6 
0 0 0 0 0 
0.0 0 0 0 0 
0 0 0 0 0 
0 0 0 0 0 
-0.2 -0.23 0 0 0 
0 0 0 0 0 
0 0 0 0 0 
0 0 0 0 0 
0 0 0 0 0 
-1.35 -1.43 -1.29 -1.47 -1.62 
-4.28 -4.25 -4.27 -4.25 -4.3 
-4.12 -4.65 -4.47 -4.66 -4.54 
-4.37 -4.37 -4.07 -4.5 -4.39 
-3.1 -3.05 -3.07 -3.03 -3.2 
-4.39 -4.39 -4.41 -4.37 -4.37 
0 0 0 0 0 
0 0 0 0 0 
0 0 0 0 0 
-0.2 0 0 0 0 
-2.72 -2.76 -2.77 -2.79 -2.86 
0 0 -0.49 0 -0.2 
0.0 -0.02 0.0 0.0 0.0 
-0.15 -0.4 -0.32 -0.2 -0.07 
-0.12 -0.1 -0.14 -0.34 -1.4 
-4.27 -4.27 -4.28 -4.25 -4.25 
-0.36 -0.2 0 -0.2 0 
0.0 0.0 0.0 0.0 0.0 
-0.78 -0.47 0.0 0.0 -0.21 
-0.1 -0.06 -0.02 -0.11 -0.9 
-4.31 -4.4 -4.33 -4.37 -4.33 
-0.2 -0.2 -0.43 -0.2 -0.2 
-0.2 0.0 0.0 0.0 0.0 
-0.02 -0.12 -0.02 -0.01 -0.53 
-0.16 -0.8 0.0 -0.09 0.0 
-3.27 -3.42 -3.28 -3.31 -3.28 
-0.92 -0.9 -0.89 -0.74 -0.96 
0.0 0 0.0 0.0 0.0 
0.0 -0.96 0.0 0.0 0.0 
-0.02 -0.5 0.0 0.0 -0.02 
-4.84 -4.84 -4.84 -3.17 -4.83 
