-4.33 -4.32 -4.31 -4.33 -4.3 
-4.08 -4.06 -3.25 -4.08 -4.07 
-2.27 -2.34 -2.32 -2.36 -2.4 
-1.26 -0.89 -0.77 -0.92 -1.06 
-1.88 -1.89 -1.99 -1.93 -1.81 
0 0 0 0 0 
0 0 0 0 0 
0 0 0 0 0 
-0.58 -0.36 -0.2 0 0 
-0.54 -0.72 -0.57 -0.69 -0.57 
0 0 0 0 0 
0 0 0 0 0 
0 0 0 0 0 
0 0 0 0 0 
0 0 0 0 0 
0 0 0 0 0 
0 0 0 0 0 
0 0 0 0 0 
-0.36 -0.63 -0.39 -0.2 -0.2 
-0.2 -0.49 -0.2 -0.2 -0.2 
0 0 0 0 0 
0 0 0 0 0 
0 0 0 0 0 
0 0 0 0 0 
0 0 0 0 0 
0 0 0 0 0 
0 0 0 0 0 
0 0 0 0 0 
0 0 0 0 0 
0 0 0 0 0 
-4.45 -4.44 -4.43 -4.43 -4.44 
-4.4 -4.39 -4.37 -4.38 -4.36 
-4.44 -4.45 -4.44 -4.42 -4.42 
-1.79 -1.79 -1.84 -1.76 -1.82 
-3.31 -3.49 -3.27 -3.24 -3.32 
0 0 0 0 0 
0 0 0 0 0 
0 0 0 0 0 
-0.49 0 -0.59 -0.36 -0.45 
-1.48 -1.27 -0.99 -1.12 -1.31 
0 0 0 0 0 
0.0 0.0 0.0 0.0 0.0 
-0.22 -0.93 0.0 0.0 0.0 
0 0 0 0 0 
-0.73 -1.03 -0.89 -0.75 -0.75 
0 0 0 0 0 
0 0 0 0 0 
0.0 0.0 0.0 0.0 0.0 
0.0 0.0 -0.2 0.0 0.0 
-2.76 -2.11 -2.72 -2.68 -2.72 
0 0 0 0 0 
0.0 0 0 0 0 
0 0 0 0 0 
0 0 0 0 0 
-0.2 -0.23 0 0 0 
0 0 0 0 0 
0 0 0 0 0 
0 0 0 0 0 
0 0 0 0 0 
0 0 0 0 0 
-3.3 -4.14 -4.16 -4.13 -4.14 
-4.56 -4.56 -4.57 -4.54 -4.58 
-4.45 -4.46 -4.45 -4.46 -4.47 
-2.21 -2.5 -2.12 -2.11 -2.3 
-3.97 -4.02 -3.85 -3.92 -3.93 
0 0 0 0 0 
0 0 0 0 0 
0 0 0 0 0 
-0.2 0 0 0 0 
-1.22 -1.26 -1.55 -1.12 -1.34 
0 0 -0.49 0 -0.2 
0.0 -0.02 0.0 0.0 0.0 
-0.17 -0.07 -0.05 -0.03 -0.07 
-0.86 -0.52 0.0 0.0 -0.35 
-3.62 -3.63 -3.61 -3.56 -3.59 
-0.36 0 0 -0.2 0 
0.0 0.0 0.0 0.0 0.0 
-0.78 0.0 0.0 0.0 -0.79 
-0.46 -0.18 -0.07 0.0 0.0 
-4.37 -4.4 -4.4 -3.5 -4.36 
0 0 0 0 0 
0.0 0.0 0.0 0.0 0 
-0.02 -0.52 -0.01 -0.01 -0.15 
-0.2 0.0 0.0 -0.11 0.0 
-2.45 -2.38 -2.4 -2.45 -2.73 
0 0 0 0 0 
0.0 0 0.0 0.0 0.0 
0.0 0.0 0.0 0 0 
-0.27 0.0 0.0 0.0 -0.32 
-4.88 -4.88 -4.88 -4.88 -4.88 
