-3.99 -4.29 -4.31 -4.16 -4.24 
-3.8 -3.75 -3.85 -3.74 -3.76 
-1.67 -1.61 -1.71 -1.78 -1.65 
-0.57 -0.72 -0.6 -0.75 -0.75 
-1.55 -1.65 -1.78 -1.67 -1.61 
0 0 0 0 0 
0 0 0 0 0 
0 0 0 0 0 
0 0 0 0 0 
-0.54 -0.39 -0.39 -0.39 -0.2 
0 0 0 0 0 
0 0 0 0 0 
0 0 0 0 0 
0 0 0 0 0 
0 0 0 0 0 
0 0 0 0 0 
0 0 0 0 0 
0 0 0 0 0 
0 0 0 0 0 
0 0 0 0 0 
0 0 0 0 0 
0 0 0 0 0 
0 0 0 0 0 
0 0 0 0 0 
0 0 0 0 0 
0 0 0 0 0 
0 0 0 0 0 
0 0 0 0 0 
0 0 0 0 0 
0 0 0 0 0 
-4.25 -4.23 -4.24 -4.23 -4.22 
-4.07 -4.1 -4.09 -4.09 -4.04 
-4.23 -4.24 -4.24 -4.25 -4.22 
-1.79 -1.79 -1.71 -1.76 -1.82 
-2.56 -2.58 -2.61 -2.58 -2.5 
0 0 0 0 0 
0 0 0 0 0 
0 0 0 0 0 
-0.49 0 -0.59 -0.36 -0.45 
-1.48 -1.27 -0.99 -1.12 -1.31 
0 0 0 0 0 
0.0 0.0 0.0 0.0 0.0 
-0.27 -0.93 0.0 0.0 0.0 
0 0 0 0 0 
-0.36 -0.79 -0.2 0 0 
0 0 0 0 0 
0 0 0 0 0 
0.0 0.0 0.0 0.0 0.0 
0.0 0.0 0.0 0.0 0.0 
-2.39 -2.37 -2.27 -2.27 -2.33 
0 0 0 0 0 
0.0 0 0 0 0 
0 0 0 0 0 
0 0 0 0 0 
0 0 0 0 0 
0 0 0 0 0 
0 0 0 0 0 
0 0 0 0 0 
0 0 0 0 0 
0 0 0 0 0 
-3.98 -4.04 -4.01 -3.97 -3.99 
-4.5 -4.49 -4.5 -4.48 -4.48 
-4.12 -4.16 -4.11 -4.11 -4.17 
-1.99 -1.98 -1.88 -1.99 -2.11 
-3.76 -3.8 -3.78 -3.77 -3.79 
0 0 0 0 0 
0 0 0 0 0 
0 0 0 0 0 
-0.2 0 0 0 0 
-0.54 -0.89 0 -0.36 -0.49 
0 0 -0.49 0 -0.2 
0.0 -0.02 0.0 0.0 0.0 
-0.05 -0.3 -0.76 -0.05 -0.48 
-0.33 0.0 0.0 0.0 -0.55 
-3.34 -3.15 -2.81 -3.29 -3.21 
-0.36 0 0 -0.2 0 
0.0 0.0 0.0 0.0 0.0 
0.0 0.0 0.0 0.0 0.0 
-0.46 -0.18 -0.07 0.0 0.0 
-4.52 -4.51 -3.6 -4.5 -4.53 
0 0 0 0 0 
0.0 0.0 0.0 0.0 0 
-0.02 -0.01 0.0 0.0 -0.28 
-0.2 0.0 0.0 -0.11 0.0 
-2.14 -1.94 -2.08 -1.99 -2.58 
0 0 0 0 0 
0.0 0 0.0 0.0 0.0 
0.0 0.0 0.0 0 0 
-0.82 0.0 0.0 0.0 -0.97 
-4.88 -4.88 -4.88 -4.88 -4.88 
