-3.34 -3.32 -3.29 -3.45 -3.31 
-1.52 -1.31 -1.67 -1.22 -1.34 
-0.79 -0.39 -0.39 -0.39 -0.96 
-0.2 -0.2 -0.2 -0.39 -0.2 
-0.39 -0.2 -0.2 -0.2 -0.36 
0 0 0 0 0 
0 0 0 0 0 
0 0 0 0 0 
0 0 0 0 0 
0 0 0 0 0 
0 0 0 0 0 
0 0 0 0 0 
0 0 0 0 0 
0 0 0 0 0 
0 0 0 0 0 
0 0 0 0 0 
0 0 0 0 0 
0 0 0 0 0 
0 0 0 0 0 
0 0 0 0 0 
0 0 0 0 0 
0 0 0 0 0 
0 0 0 0 0 
0 0 0 0 0 
0 0 0 0 0 
0 0 0 0 0 
0 0 0 0 0 
0 0 0 0 0 
0 0 0 0 0 
0 0 0 0 0 
-1.5 -1.69 -1.49 -1.44 -1.7 
-1.24 -0.73 -1.26 -0.87 -0.97 
-1.94 -1.79 -2.07 -1.96 -1.9 
-0.36 -0.49 0 -0.2 -0.2 
-0.59 0 -0.49 -0.59 -0.49 
0 0 0 0 0 
0 0 0 0 0 
0 0 0 0 0 
-0.49 0 -0.36 -0.2 0 
0 -0.2 0 0 -0.2 
0 0 0 0 0 
0.0 0.0 0.0 0.0 0.0 
0.0 -0.44 0.0 0.0 0.0 
0 0 0 0 0 
0 0 0 0 0 
0 0 0 0 0 
0 0 0 0 0 
0.0 0.0 0.0 0.0 0.0 
0 0 0 0 0.0 
-1.02 -0.9 -1.08 -0.75 -1.11 
0 0 0 0 0 
0.0 0 0 0 0 
0 0 0 0 0 
0 0 0 0 0 
0 0 0 0 0 
0 0 0 0 0 
0 0 0 0 0 
0 0 0 0 0 
0 0 0 0 0 
0 0 0 0 0 
-2.37 -2.45 -2.28 -2.68 -2.43 
-2.1 -2.03 -2.04 -2.18 -2.05 
-2.2 -1.77 -2.0 -2.24 -1.54 
-0.39 -0.77 -0.36 -0.2 -0.39 
-0.81 -0.7 -0.57 -0.84 -0.39 
0 0 0 0 0 
0 0 0 0 0 
0 0 0 0 0 
0 0 0 0 0 
0 0 0 0 0 
0 0 -0.49 0 -0.2 
0.0 -0.16 0.0 0.0 0 
-0.02 0.0 0.0 -0.02 -0.21 
0 0.0 0.0 0.0 0 
-0.9 -0.75 -1.17 -0.92 -0.96 
0 0 0 0 0 
0.0 0.0 0 0.0 0.0 
0.0 0.0 0.0 0 0.0 
0 0 0.0 0 0.0 
-1.32 -1.05 -1.34 -1.08 -1.47 
0 0 0 0 0 
0 0 0 0 0 
-0.29 0 0.0 0.0 0 
0 0 0 0 0 
0 0 0 0 0 
0 0 0 0 0 
0 0 0 0 0 
0 0 0 0 0 
0 0 0 0 0 
-1.94 -2.21 -1.94 -1.96 -2.33 
