-4.47 -4.45 -4.45 -4.44 -4.46 
-4.09 -4.01 -4.04 -4.12 -4.09 
-2.58 -2.45 -2.53 -2.47 -2.68 
-1.26 -0.89 -0.77 -0.92 -1.06 
-1.88 -1.89 -1.99 -1.93 -1.81 
0 0 0 0 0 
0 0 0 0 0 
0 0 0 0 0 
-0.58 -0.36 -0.2 0 0 
-1.63 -1.56 -1.09 -1.47 -1.39 
0 0 0 0 0 
0 0 0 0 0 
0 0 0 0 0 
0 0 0 0 0 
0 0 0 0 0 
0 0 0 0 0 
0 0 0 0 0 
0 0 0 0 0 
-0.36 -0.63 -0.39 -0.2 -0.2 
-0.2 -0.49 -0.2 -0.2 -0.2 
0 0 0 0 0 
0 0 0 0 0 
0 0 0 0 0 
0 0 0 0 0 
0 0 0 0 0 
0 0 0 0 0 
0 0 0 0 0 
0 0 0 0 0 
0 0 0 0 0 
0 0 0 0 0 
-4.52 -4.52 -4.51 -4.39 -4.48 
-4.47 -4.46 -4.43 -4.47 -4.49 
-4.57 -4.57 -4.22 -4.56 -4.57 
-1.92 -2.16 -1.95 -1.89 -1.94 
-3.92 -3.76 -3.78 -3.81 -3.77 
0 0 0 0 0 
0 0 0 0 0 
0 0 0 0 0 
-0.49 0 -0.59 -0.36 -0.45 
-1.48 -1.27 -1.68 -1.28 -1.43 
0 0 0 0 0 
0.0 0.0 0.0 0.0 0.0 
-0.22 -0.93 0.0 0.0 0.0 
0 0 0 0 0 
-0.73 -1.03 -0.89 -0.75 -0.75 
0 0 0 0 0 
0 0 0 0 0 
0.0 0.0 0.0 0.0 0.0 
0.0 0.0 -0.2 0.0 0.0 
-2.75 -2.23 -2.72 -2.9 -2.72 
0 0 0 0 0 
0.0 0 0 0 0 
0 0 0 0 0 
0 0 0 0 0 
-0.2 -0.23 0 0 0 
0 0 0 0 0 
0 0 0 0 0 
0 0 0 0 0 
0 0 0 0 0 
0 0 0 0 0 
-3.92 -3.97 -3.87 -3.88 -4.01 
-4.6 -4.38 -4.61 -4.6 -4.59 
-4.42 -4.35 -4.25 -4.44 -3.83 
-2.68 -2.73 -2.66 -2.77 -2.61 
-4.28 -4.3 -4.16 -4.29 -4.28 
0 0 0 0 0 
0 0 0 0 0 
0 0 0 0 0 
-0.2 0 0 0 0 
-1.89 -1.92 -1.93 -1.97 -1.89 
0 0 -0.49 0 -0.2 
0.0 -0.02 0.0 0.0 0.0 
-0.04 -0.03 -0.04 -0.02 -0.27 
-0.86 -0.52 0.0 0.0 -0.35 
-4.03 -3.93 -3.97 -3.98 -4.01 
-0.36 0 0 -0.2 0 
0.0 0.0 0.0 0.0 0.0 
-1.23 -0.93 0.0 0.0 -0.4 
-0.37 -0.14 -0.02 0.0 0.0 
-4.48 -4.52 -4.36 -4.65 -4.47 
-0.2 -0.2 -0.2 0 -0.2 
-0.2 0.0 0.0 0.0 0 
-0.02 -0.18 -0.01 -0.01 -0.82 
-0.2 0.0 0.0 -0.11 0.0 
-2.8 -2.97 -2.78 -2.74 -3.0 
-0.57 -0.55 -0.54 -0.57 -0.46 
0.0 0 0.0 0.0 0.0 
0.0 0.0 0.0 0 0.0 
-0.02 0.0 0.0 0.0 -0.04 
-4.6 -4.71 -4.59 -4.71 -3.92 
