-4.52 -4.54 -4.46 -4.46 -4.46 
-4.71 -4.64 -4.7 -4.7 -4.7 
-4.12 -4.12 -4.04 -4.06 -4.04 
-1.4 -1.49 -1.41 -1.39 -1.37 
-2.84 -2.81 -2.79 -2.76 -2.81 
0 0 0 0 0 
0 0 0 0 0 
0 0 0 0 0 
-0.58 -0.36 -0.2 0 0 
-3.04 -3.14 -3.11 -3.1 -3.03 
0 0 0 0 0 
0 0 0 0 0 
0 0 0 0 0 
0 0 0 0 0 
0 0 0 0 0 
0 0 0 0 0 
0 0 0 0 0 
0 0 0 0 0 
-0.36 -0.63 -0.39 -0.2 -0.2 
-0.2 -0.49 -0.2 -0.2 -0.2 
0 0 0 0 0 
0 0 0 0 0 
0 0 0 0 0 
0 0 0 0 0 
0 0 0 0 0 
0 0 0 0 0 
0 0 0 0 0 
0 0 0 0 0 
0 0 0 0 0 
-0.89 -1.1 -1.06 -1.06 -0.75 
-4.72 -4.77 -4.7 -4.73 -4.75 
-4.78 -4.78 -4.77 -4.77 -4.77 
-4.73 -4.74 -4.73 -4.74 -4.72 
-4.0 -4.05 -4.0 -4.0 -4.01 
-4.75 -4.75 -4.76 -4.76 -4.3 
0 0 0 0 0 
0 0 0 0 0 
0 0 0 0 0 
-1.01 -0.87 -0.94 -0.87 -0.95 
-2.45 -2.48 -2.48 -2.51 -2.73 
0 0 0 0 0 
0.0 0.0 0.0 0.0 0.0 
-0.22 -0.93 0.0 0.0 0.0 
-0.31 -0.63 -0.75 0.0 0 
-1.81 -1.83 -1.86 -1.78 -1.8 
0 0 0 0 0 
0 0 0 0 0 
0.0 0.0 0.0 0.0 0.0 
-0.24 -1.08 -0.1 -0.11 0.0 
-4.22 -4.22 -4.22 -4.23 -3.93 
0 0 0 0 0 
0.0 0 0 0 0 
0 0 0 0 0 
0 0 0 0 0 
-0.2 -0.23 0 0 0 
0 0 0 0 0 
0 0 0 0 0 
0 0 0 0 0 
0 0 0 0 0 
-3.06 -3.04 -3.34 -3.02 -3.03 
-4.53 -4.54 -3.62 -4.52 -4.52 
-4.56 -4.58 -4.56 -4.54 -4.55 
-4.58 -4.58 -4.59 -4.61 -4.58 
-3.5 -3.47 -3.44 -3.46 -3.62 
-4.72 -4.69 -4.72 -4.71 -4.71 
0 0 0 0 0 
0 0 0 0 0 
0 0 0 0 0 
-0.2 -0.2 -0.97 0 0 
-3.33 -3.18 -3.02 -3.04 -3.03 
0 0 -0.49 0 -0.2 
0.0 -0.02 0.0 0.0 0.0 
-0.14 -0.05 -0.13 -0.05 -0.04 
-0.4 -1.27 -0.68 -0.91 -0.2 
-4.42 -4.46 -4.28 -2.77 -4.45 
-0.36 -0.2 -0.2 -0.2 0 
-0.0 0.0 0.0 0.0 0.0 
-0.72 -1.0 -0.71 -0.01 -0.14 
-0.07 -0.04 -0.05 -0.09 -0.73 
-4.34 -4.34 -4.32 -4.33 -4.39 
-0.39 -0.39 -0.43 -0.39 -0.39 
-0.13 0.0 0.0 0.0 0.0 
-0.02 -0.04 -0.02 -0.01 -0.15 
-0.16 -0.64 0.0 -0.09 0.0 
-3.68 -3.42 -3.42 -3.44 -3.55 
-0.74 -1.06 -1.05 -1.07 -1.12 
0.0 0.0 0.0 0.0 0.0 
-0.61 -0.5 -0.42 0.0 0.0 
-0.02 -0.04 -0.02 -0.96 -0.02 
-4.76 -4.88 -4.88 -4.88 -4.88 
