-4.64 -4.65 -4.64 -4.64 -4.63 
-4.74 -4.74 -4.74 -4.74 -4.73 
-4.27 -4.27 -4.3 -4.26 -4.24 
-1.54 -1.85 -1.89 -1.39 -1.52 
-3.01 -2.98 -2.96 -3.02 -2.97 
0 0 0 0 0 
0 0 0 0 0 
0 0 0 0 0 
-0.58 -0.36 -0.2 0 0 
-3.12 -3.3 -3.19 -3.18 -3.11 
0 0 0 0 0 
0 0 0 0 0 
0 0 0 0 0 
0 0 0 0 0 
0 0 0 0 0 
0 0 0 0 0 
0 0 0 0 0 
0 0 0 0 0 
-0.36 -0.63 -0.39 -0.2 -0.2 
-0.2 -0.49 -0.2 -0.2 -0.2 
0 0 0 0 0 
0 0 0 0 0 
0 0 0 0 0 
0 0 0 0 0 
0 0 0 0 0 
0 0 0 0 0 
0 0 0 0 0 
0 0 0 0 0 
0 0 0 0 0 
-1.91 -2.06 -2.02 -1.92 -2.22 
-4.74 -4.77 -4.74 -4.73 -4.75 
-4.8 -4.81 -4.8 -4.79 -4.8 
-4.76 -4.76 -4.76 -4.77 -4.75 
-4.18 -4.15 -4.16 -4.16 -4.24 
-4.7 -4.76 -4.76 -4.76 -4.69 
0 0 0 0 0 
0 0 0 0 0 
0 0 0 0 0 
-1.01 -1.04 -1.6 -1.04 -0.95 
-2.99 -2.93 -2.94 -2.97 -2.97 
0 0 0 0 0 
0.0 0.0 0.0 0.0 0.0 
-0.22 -0.93 0.0 0.0 0.0 
-0.31 -0.63 -0.62 -0.75 0.0 
-1.81 -1.83 -1.86 -1.91 -1.8 
0 0 0 0 0 
0 0 0 0 0 
0.0 0.0 0.0 0.0 0.0 
-0.24 -0.86 -0.1 -0.11 -0.01 
-4.38 -4.39 -4.4 -4.14 -3.98 
0 0 0 0 0 
0.0 0 0 0 0 
0 0 0 0 0 
0 0 0 0 0 
-0.2 -0.23 0 0 0 
0 0 0 0 0 
0 0 0 0 0 
0 0 0 0 0 
0 0 0 0 0 
-3.06 -3.11 -2.99 -3.16 -3.03 
-4.53 -4.51 -4.5 -4.49 -4.54 
-4.59 -4.6 -4.58 -4.58 -4.55 
-4.64 -4.54 -4.27 -4.64 -4.49 
-3.78 -3.75 -3.73 -3.74 -3.73 
-4.77 -4.77 -4.77 -4.76 -4.77 
0 0 0 0 0 
0 0 0 0 0 
0 0 0 0 0 
-0.2 -0.2 -0.97 0 0 
-3.35 -3.18 -3.1 -3.12 -3.03 
0 0 -0.49 0 -0.2 
0.0 -0.02 0.0 0.0 0.0 
-0.08 -0.04 -0.11 -0.04 -0.03 
-0.9 -0.78 -1.1 -0.52 -0.3 
-4.35 -4.31 -4.37 -3.91 -4.34 
-0.36 -0.2 -0.2 -0.2 0 
0.0 0.0 0.0 0.0 0.0 
-0.72 -1.0 -0.59 -0.68 -0.85 
-0.11 -0.07 -0.07 -0.55 -0.39 
-4.44 -4.44 -4.45 -4.43 -4.43 
-0.39 -0.39 -0.43 -0.39 -0.39 
-0.13 0.0 0.0 0.0 0.0 
-0.02 -0.04 -0.02 -0.01 -0.12 
-0.13 -0.64 -0.65 -0.09 -0.01 
-3.76 -3.78 -3.78 -3.78 -3.73 
-0.74 -1.06 -1.05 -1.07 -1.12 
0.0 0.0 0.0 0.0 0.0 
-0.61 -0.4 -0.3 -0.75 -0.66 
-1.22 -0.04 -0.02 -0.62 -0.02 
-4.43 -3.43 -4.34 -4.45 -4.43 
