-3.52 -4.16 -4.17 -3.98 -4.1 
-2.61 -2.77 -2.94 -2.97 -2.71 
-1.39 -1.17 -1.31 -1.24 -1.36 
-0.57 -0.72 -0.6 -0.75 -0.75 
-1.01 -0.87 -0.92 -0.75 -1.2 
0 0 0 0 0 
0 0 0 0 0 
0 0 0 0 0 
0 0 0 0 0 
-0.54 -0.39 -0.39 -0.39 -0.2 
0 0 0 0 0 
0 0 0 0 0 
0 0 0 0 0 
0 0 0 0 0 
0 0 0 0 0 
0 0 0 0 0 
0 0 0 0 0 
0 0 0 0 0 
0 0 0 0 0 
0 0 0 0 0 
0 0 0 0 0 
0 0 0 0 0 
0 0 0 0 0 
0 0 0 0 0 
0 0 0 0 0 
0 0 0 0 0 
0 0 0 0 0 
0 0 0 0 0 
0 0 0 0 0 
0 0 0 0 0 
-3.24 -3.07 -3.31 -3.14 -3.18 
-3.5 -2.9 -3.54 -3.46 -3.45 
-3.57 -3.48 -3.49 -3.12 -3.44 
-0.73 -0.79 -1.12 -0.92 -1.21 
-1.29 -1.15 -1.09 -1.07 -1.37 
0 0 0 0 0 
0 0 0 0 0 
0 0 0 0 0 
-0.49 0 -0.36 -0.36 -0.45 
-1.17 -1.14 -0.99 -0.96 -1.05 
0 0 0 0 0 
0.0 0.0 0.0 0.0 0.0 
-0.66 -0.18 0.0 0.0 0.0 
0 0 0 0 0 
0 0 0 0 0 
0 0 0 0 0 
0 0 0 0 0 
0.0 0.0 0.0 0.0 0.0 
0.0 0.0 0.0 0.0 0.0 
-1.95 -1.91 -1.92 -1.82 -1.86 
0 0 0 0 0 
0.0 0 0 0 0 
0 0 0 0 0 
0 0 0 0 0 
0 0 0 0 0 
0 0 0 0 0 
0 0 0 0 0 
0 0 0 0 0 
0 0 0 0 0 
0 0 0 0 0 
-2.91 -2.86 -2.89 -2.83 -2.82 
-3.96 -3.96 -3.82 -3.89 -3.94 
-3.66 -3.72 -3.41 -3.75 -3.7 
-1.29 -0.98 -1.2 -1.08 -1.16 
-2.41 -2.5 -2.4 -2.46 -2.5 
0 0 0 0 0 
0 0 0 0 0 
0 0 0 0 0 
-0.2 0 0 0 0 
-0.42 0 0 -0.36 -0.36 
0 0 -0.49 0 -0.2 
0.0 -0.02 0.0 0.0 0.0 
-0.69 -0.09 -0.35 -0.02 -0.02 
0.0 0.0 0.0 0.0 -0.34 
-1.52 -1.45 -1.61 -1.82 -1.55 
0.0 0 0 -0.2 0 
0.0 0.0 0.0 0.0 0.0 
0.0 0.0 0.0 0.0 0.0 
0.0 0.0 -0.29 0.0 0.0 
-4.15 -3.68 -4.07 -3.22 -4.08 
0 0 0 0 0 
0 0 0 0.0 0 
-0.09 0.0 0.0 0.0 -0.31 
0.0 0 0 -0.23 0.0 
-1.44 -1.25 -1.2 -1.2 -1.47 
0 0 0 0 0 
0.0 0 0.0 0.0 0.0 
0.0 0.0 0.0 0 0 
0.0 0.0 0.0 0.0 0.0 
-4.65 -4.64 -4.64 -4.64 -4.63 
