-4.68 -4.7 -4.81 -4.4 -4.8 
-4.56 -4.5 -4.5 -4.5 -4.56 
-3.72 -3.65 -3.65 -3.65 -3.73 
-1.26 -0.89 -0.77 -0.92 -1.06 
-2.24 -2.43 -2.2 -2.17 -2.17 
0 0 0 0 0 
0 0 0 0 0 
0 0 0 0 0 
-0.58 -0.36 -0.2 0 0 
-2.53 -2.47 -2.53 -2.47 -2.48 
0 0 0 0 0 
0 0 0 0 0 
0 0 0 0 0 
0 0 0 0 0 
0 0 0 0 0 
0 0 0 0 0 
0 0 0 0 0 
0 0 0 0 0 
-0.36 -0.63 -0.39 -0.2 -0.2 
-0.2 -0.49 -0.2 -0.2 -0.2 
0 0 0 0 0 
0 0 0 0 0 
0 0 0 0 0 
0 0 0 0 0 
0 0 0 0 0 
0 0 0 0 0 
0 0 0 0 0 
0 0 0 0 0 
0 0 0 0 0 
-0.89 -1.1 -1.06 -1.06 -0.75 
-4.75 -4.75 -4.74 -4.74 -4.75 
-4.65 -4.65 -4.65 -4.65 -4.65 
-4.52 -4.53 -4.56 -4.53 -4.53 
-2.76 -2.73 -2.71 -2.74 -2.77 
-4.6 -4.58 -4.55 -4.32 -4.52 
0 0 0 0 0 
0 0 0 0 0 
0 0 0 0 0 
-0.49 -0.7 -0.59 -0.52 -0.45 
-2.23 -2.28 -2.12 -2.19 -2.19 
0 0 0 0 0 
0.0 0.0 0.0 0.0 0.0 
-0.22 -0.93 0.0 0.0 0.0 
-0.39 0 0 0 0 
-1.68 -1.7 -1.59 -1.67 -1.53 
0 0 0 0 0 
0 0 0 0 0 
0.0 0.0 0.0 0.0 0.0 
-0.57 0.0 -0.16 0.0 0.0 
-3.48 -3.84 -3.73 -3.78 -3.75 
0 0 0 0 0 
0.0 0 0 0 0 
0 0 0 0 0 
0 0 0 0 0 
-0.2 -0.23 0 0 0 
0 0 0 0 0 
0 0 0 0 0 
0 0 0 0 0 
0 0 0 0 0 
-1.35 -1.43 -1.29 -1.47 -1.62 
-4.45 -4.46 -4.44 -4.44 -4.44 
-4.52 -4.58 -4.48 -4.54 -4.53 
-4.54 -4.52 -4.51 -4.5 -4.5 
-3.32 -3.34 -3.3 -3.26 -3.48 
-4.58 -4.57 -4.56 -4.55 -4.56 
0 0 0 0 0 
0 0 0 0 0 
0 0 0 0 0 
-0.2 0 0 0 0 
-2.9 -3.18 -2.86 -2.88 -2.86 
0 0 -0.49 0 -0.2 
0.0 -0.02 0.0 0.0 0.0 
-0.45 -0.16 -0.32 -0.11 -0.05 
-0.1 -0.1 -0.11 -0.25 -0.93 
-4.38 -4.36 -4.39 -3.73 -4.24 
-0.36 -0.2 -0.2 -0.2 0 
0.0 0.0 0.0 0.0 0.0 
-0.62 -0.47 -0.71 0.0 -0.21 
-0.08 -0.06 -0.02 -0.11 -0.9 
-4.49 -3.78 -4.4 -4.48 -4.44 
-0.2 -0.2 -0.43 -0.2 -0.2 
-0.2 0.0 0.0 0.0 0.0 
-0.02 -0.1 -0.02 -0.01 -0.23 
-0.16 -0.64 0.0 -0.09 0.0 
-3.34 -3.42 -3.35 -3.37 -3.55 
-0.92 -0.9 -0.89 -0.74 -0.96 
0.0 0 0.0 0.0 0.0 
0.0 -0.96 0.0 0.0 0.0 
-0.02 -0.26 0.0 0.0 -0.03 
-4.82 -4.83 -4.82 -4.82 -4.81 
