-4.69 -4.28 -4.68 -4.68 -4.68 
-4.66 -4.66 -4.66 -4.66 -4.65 
-4.1 -3.85 -3.88 -3.85 -3.87 
-1.26 -1.21 -1.1 -1.24 -1.22 
-2.24 -2.43 -2.31 -2.28 -2.54 
0 0 0 0 0 
0 0 0 0 0 
0 0 0 0 0 
-0.58 -0.36 -0.2 0 0 
-2.53 -2.47 -2.53 -2.47 -2.48 
0 0 0 0 0 
0 0 0 0 0 
0 0 0 0 0 
0 0 0 0 0 
0 0 0 0 0 
0 0 0 0 0 
0 0 0 0 0 
0 0 0 0 0 
-0.36 -0.63 -0.39 -0.2 -0.2 
-0.2 -0.49 -0.2 -0.2 -0.2 
0 0 0 0 0 
0 0 0 0 0 
0 0 0 0 0 
0 0 0 0 0 
0 0 0 0 0 
0 0 0 0 0 
0 0 0 0 0 
0 0 0 0 0 
0 0 0 0 0 
-0.89 -1.1 -1.06 -1.06 -0.75 
-4.76 -4.77 -4.6 -4.75 -4.75 
-4.74 -4.72 -4.74 -4.72 -4.73 
-4.66 -4.65 -4.65 -4.66 -4.65 
-3.5 -3.56 -3.47 -3.44 -3.47 
-4.67 -4.68 -4.67 -4.66 -4.67 
0 0 0 0 0 
0 0 0 0 0 
0 0 0 0 0 
-0.49 -0.7 -0.59 -0.52 -0.63 
-2.23 -2.37 -2.24 -2.3 -2.7 
0 0 0 0 0 
0.0 0.0 0.0 0.0 0.0 
-0.22 -0.93 0.0 0.0 0.0 
-0.31 -0.63 0.0 0 0 
-1.81 -1.7 -1.73 -1.78 -1.8 
0 0 0 0 0 
0 0 0 0 0 
0.0 0.0 0.0 0.0 0.0 
-0.24 -0.66 -0.13 -0.27 0.0 
-3.93 -3.89 -3.64 -3.88 -3.89 
0 0 0 0 0 
0.0 0 0 0 0 
0 0 0 0 0 
0 0 0 0 0 
-0.2 -0.23 0 0 0 
0 0 0 0 0 
0 0 0 0 0 
0 0 0 0 0 
0 0 0 0 0 
-3.06 -3.04 -3.34 -3.02 -3.03 
-4.45 -4.46 -4.44 -4.44 -4.44 
-4.52 -4.58 -4.48 -4.54 -4.53 
-4.54 -4.54 -4.55 -4.54 -4.54 
-3.44 -3.41 -3.44 -3.4 -3.59 
-4.68 -4.68 -4.68 -4.68 -4.67 
0 0 0 0 0 
0 0 0 0 0 
0 0 0 0 0 
-0.2 0 0 0 0 
-2.9 -3.18 -2.86 -2.88 -2.86 
0 0 -0.49 0 -0.2 
0.0 -0.02 0.0 0.0 0.0 
-0.24 -0.09 -0.22 -0.08 -0.04 
-0.58 -0.96 -0.1 -0.19 -0.35 
-4.42 -4.46 -4.42 -3.34 -4.45 
-0.36 -0.2 -0.2 -0.2 0 
-0.0 0.0 0.0 0.0 0.0 
-1.12 -1.0 -0.71 -0.01 -0.17 
-0.07 -0.04 -0.03 -0.11 -0.9 
-4.5 -3.6 -3.58 -4.36 -4.49 
-0.39 -0.39 -0.43 -0.39 -0.39 
-0.13 0.0 0.0 0.0 0.0 
-0.02 -0.08 -0.02 -0.01 -0.15 
-0.16 -0.64 0.0 -0.09 0.0 
-3.41 -3.42 -3.42 -3.37 -3.55 
-0.74 -1.06 -1.05 -1.07 -1.12 
0.0 0.0 0.0 0.0 0.0 
-0.61 -0.5 -0.82 0.0 0.0 
-0.02 -0.14 0.0 0.0 -0.02 
-4.78 -4.77 -4.77 -4.77 -4.78 
