5.72 5.75 5.84 
2.89 3.59 3.22 
79.28 81.71 71.55 
100 100 100 
100 100 100 
55.96 45.99 44.97 
100 100 100 
100 100 100 
100 100 100 
100 100 100 
100 100 100 
100 100 100 
100 100 100 
100 100 100 
100 100 100 
100 100 100 
100 100 100 
100 100 100 
3.94 3.87 3.0 
0.24 0.24 0.24 
0.53 0.55 0.6 
100 100 100 
100 100 100 
42.18 41.24 41.63 
100 100 100 
96.56 87.84 86.28 
96.0 80.39 100 
100 100 100 
100 100 100 
41.32 41.03 42.42 
100 100 100 
100 100 100 
100 100 100 
100 100 100 
100 100 100 
16.37 18.47 18.61 
0.3 0.31 0.29 
0.27 0.31 0.31 
0.28 0.37 0.26 
100 100 100 
96.0 100 100 
75.14 77.01 68.53 
96.0 100 100 
79.35 96.52 91.94 
5.44 24.24 0.34 
76.06 67.62 71.31 
95.27 96.38 99.29 
1.33 1.56 1.54 
100 100 100 
100.0 100.0 100.0 
39.03 40.31 39.32 
100 100 100 
80.11 80.03 100.0 
0.17 0.16 0.47 
