6.34 6.43 6.3 
4.75 1.96 1.47 
2.5 2.24 2.54 
100 100 100 
100 100 100 
2.14 2.16 13.48 
100 100 100 
100 100 100 
100 100 100 
100 100 100 
100 100 100 
2.99 3.51 3.48 
100 100 100 
100 100 100 
100 100 100 
100 100 100 
100 100 100 
0.38 0.45 0.45 
3.36 5.97 4.16 
0.35 0.16 0.12 
0.98 0.77 1.45 
100 100 100 
100 100 100 
0.78 0.81 0.81 
100 100 100 
59.36 59.21 50.45 
12.65 12.77 12.54 
100 100 100 
80.06 100 100 
0.31 0.63 0.21 
100 100 100 
100 100 100 
100 100 100 
100 100 100 
100 100 100 
0.12 0.12 0.12 
0.15 0.15 1.79 
1.17 1.17 1.19 
0.98 0.64 0.96 
100 100 100 
92.16 80.12 78.68 
41.83 41.19 38.1 
57.98 66.23 54.66 
84.05 86.55 90.17 
0.24 1.86 8.85 
46.47 47.4 46.47 
86.28 90.81 97.76 
1.57 0.48 0.46 
86.85 84.93 85.34 
95.39 93.04 99.25 
2.81 2.76 2.88 
100 100 100 
55.25 64.4 75.03 
0.13 0.12 0.12 
