20.16 19.23 17.83 
65.94 65.36 67.45 
100 100 100 
100 100 100 
100 100 100 
100 100 100 
100 100 100 
100 100 100 
100 100 100 
100 100 100 
100 100 100 
100 100 100 
100 100 100 
100 100 100 
100 100 100 
100 100 100 
100 100 100 
100 100 100 
33.71 33.53 30.56 
22.23 23.51 21.98 
68.98 64.16 75.14 
100 100 100 
100 100 100 
94.4 96.0 100 
100 100 100 
100 100 100 
100 100 100 
100 100 100 
100 100 100 
100 100 100 
100 100 100 
100 100 100 
100 100 100 
100 100 100 
100 100 100 
100 100 100 
15.51 15.23 14.55 
6.61 5.45 5.1 
5.24 5.25 5.33 
100 100 100 
100 100 100 
100 100 100 
100 100 100 
100.0 100.0 100.0 
8.22 7.49 8.22 
92.16 89.42 97.44 
92.34 99.8 99.68 
8.72 8.69 9.23 
100 100 100 
100 100 100 
100 100 100 
100 100 100 
100 100 100 
5.68 5.63 5.09 
