6.88 5.02 2.16 
2.94 1.65 1.69 
0.28 1.68 0.29 
16.47 16.95 16.46 
0.75 0.76 0.76 
100 100 100 
100 100 100 
100 100 100 
100 100 100 
12.28 12.35 12.42 
100 100 100 
100 100 100 
100 100 100 
100 100 100 
100 100 100 
100 100 100 
100 100 100 
100 100 100 
100 100 100 
61.26 53.72 63.81 
100 100 100 
100 100 100 
100 100 100 
100 100 100 
100 100 100 
100 100 100 
100 100 100 
100 100 100 
100 100 100 
61.58 44.22 52.03 
2.26 1.4 3.56 
0.36 0.66 0.25 
0.2 0.32 0.21 
2.86 0.15 0.15 
0.12 0.12 0.12 
100 100 100 
100 100 100 
96.0 100 100 
6.9 6.02 7.49 
2.58 2.31 2.15 
100 100 100 
66.06 73.67 63.58 
44.1 52.09 44.11 
56.42 59.09 76.99 
0.12 0.12 0.12 
100 100 100 
100 100 100 
98.06 100.0 80.04 
71.24 67.6 91.48 
0.71 0.7 0.69 
100 100 100 
100 100 100 
100 100 100 
100 100 100 
100 100 100 
100 100 100 
100 100 100 
100 100 100 
83.35 100 100 
0.99 0.46 0.35 
0.81 1.56 2.1 
0.29 0.4 0.3 
0.21 0.12 0.12 
0.39 0.36 0.52 
0.19 0.18 0.18 
100 100 100 
100 100 100 
92.16 76.84 96.0 
72.26 65.21 59.18 
18.6 19.05 18.85 
37.17 21.12 19.5 
96.09 99.57 95.1 
98.97 92.62 93.71 
70.8 95.8 67.48 
0.4 0.4 9.47 
68.19 40.56 45.09 
98.55 98.09 99.46 
70.96 64.97 70.91 
83.16 77.4 95.77 
4.79 4.79 4.84 
31.7 27.44 24.27 
99.11 80.19 94.94 
95.26 85.4 77.74 
72.01 65.59 75.6 
1.33 1.33 1.84 
29.4 28.39 43.6 
94.37 96.9 96.34 
65.37 74.81 67.55 
74.48 78.87 90.4 
0.57 2.65 3.8 
