16.44 11.71 14.25 
0.96 0.87 0.96 
1.8 1.77 1.82 
100 100 100 
100 100 100 
2.14 2.07 2.1 
100 100 100 
100 100 100 
100 100 100 
100 100 100 
100 100 100 
0.79 0.78 0.78 
100 100 100 
100 100 100 
100 100 100 
100 100 100 
100 100 100 
0.23 0.23 0.21 
2.49 7.92 2.45 
0.19 0.19 0.19 
0.15 0.42 0.15 
100 100 100 
100 100 100 
0.31 0.38 0.31 
100 100 100 
63.93 72.47 74.64 
5.41 5.28 5.29 
100 100 100 
80.06 100 100 
0.31 0.26 0.31 
100 100 100 
100 100 100 
100 100 100 
100 100 100 
100 100 100 
0.23 0.34 0.2 
0.62 1.1 1.12 
0.19 0.19 0.99 
0.27 0.3 0.3 
100 100 100 
88.47 80.12 78.68 
40.16 41.19 37.17 
57.98 66.23 54.66 
97.45 99.54 89.68 
7.57 4.32 20.02 
61.3 45.48 44.29 
97.66 95.35 95.34 
0.24 0.2 0.2 
86.85 84.93 85.34 
71.5 78.19 91.49 
1.52 1.58 1.55 
100 100 100 
63.94 66.85 71.3 
0.15 0.12 0.12 
