20.74 20.73 21.53 
46.78 49.95 50.68 
100 100 100 
100 100 100 
100 100 100 
100 100 100 
100 100 100 
100 100 100 
100 100 100 
100 100 100 
100 100 100 
100 100 100 
100 100 100 
100 100 100 
100 100 100 
100 100 100 
100 100 100 
100 100 100 
9.25 11.87 9.65 
7.61 7.55 7.13 
38.27 42.44 44.53 
100 100 100 
100 100 100 
91.52 96.0 100 
100 100 100 
100 100 100 
100 100 100 
100 100 100 
100 100 100 
83.56 92.16 92.16 
100 100 100 
100 100 100 
100 100 100 
100 100 100 
100 100 100 
100 100 100 
4.94 3.5 3.57 
1.72 1.85 21.35 
16.83 0.47 5.32 
100 100 100 
100 100 100 
78.27 77.01 68.53 
100 100 100 
100.0 100.0 99.98 
0.68 0.66 0.65 
79.8 82.95 84.17 
95.88 99.66 82.6 
2.58 2.62 2.61 
100 100 100 
100.0 100.0 100.0 
100 100 100 
100 100 100 
80.11 100 100 
0.21 0.2 0.77 
