13.22 16.46 16.32 
3.6 3.92 9.49 
79.28 81.71 71.55 
100 100 100 
100 100 100 
55.96 45.99 44.97 
100 100 100 
100 100 100 
100 100 100 
100 100 100 
100 100 100 
100 100 100 
100 100 100 
100 100 100 
100 100 100 
100 100 100 
100 100 100 
100 100 100 
2.87 2.8 2.78 
0.3 0.22 0.5 
0.31 0.31 0.31 
100 100 100 
100 100 100 
42.18 41.24 41.63 
100 100 100 
77.4 88.8 69.15 
96.0 80.39 100 
100 100 100 
100 100 100 
41.32 41.03 42.42 
100 100 100 
100 100 100 
100 100 100 
100 100 100 
100 100 100 
16.37 18.47 18.61 
0.3 0.27 0.29 
0.12 0.13 0.13 
0.14 0.14 0.14 
100 100 100 
96.0 80.12 100 
75.14 77.01 68.53 
96.0 100 100 
97.92 99.88 98.91 
5.44 17.49 4.15 
67.3 67.62 68.46 
86.47 83.44 97.61 
0.97 0.96 0.99 
100 100 100 
100.0 100.0 100.0 
39.03 40.31 39.32 
100 100 100 
80.11 80.03 100.0 
0.21 0.2 0.39 
