5.48 12.74 11.02 
2.13 5.19 2.35 
79.28 81.71 71.55 
100 100 100 
100 100 100 
67.64 69.2 66.67 
100 100 100 
100 100 100 
100 100 100 
100 100 100 
100 100 100 
100 100 100 
100 100 100 
100 100 100 
100 100 100 
100 100 100 
100 100 100 
100 100 100 
3.0 5.59 3.0 
0.82 0.82 0.84 
1.51 1.48 1.5 
100 100 100 
100 100 100 
58.49 48.49 59.54 
100 100 100 
96.42 85.51 86.28 
96.0 80.39 100 
100 100 100 
100 100 100 
61.42 52.11 61.26 
100 100 100 
100 100 100 
100 100 100 
100 100 100 
100 100 100 
41.82 38.97 42.09 
0.3 0.31 0.29 
0.22 0.31 0.41 
0.4 0.37 0.4 
100 100 100 
96.0 100 100 
75.14 77.01 68.53 
96.0 100 100 
97.44 94.15 88.14 
0.91 0.84 0.93 
70.27 70.57 71.02 
99.9 87.36 87.41 
0.87 0.85 0.88 
100 100 100 
100.0 100.0 100.0 
59.31 64.25 54.2 
100 100 100 
80.11 100.0 100.0 
0.21 0.2 0.21 
