6.56 6.57 6.43 
1.16 0.69 2.16 
2.86 2.96 2.96 
100 100 100 
100 100 100 
29.15 27.09 29.03 
100 100 100 
100 100 100 
100 100 100 
100 100 100 
100 100 100 
50.3 52.03 50.63 
100 100 100 
100 100 100 
100 100 100 
100 100 100 
100 100 100 
13.25 12.75 12.19 
3.19 3.27 4.12 
0.24 0.2 0.25 
0.12 0.12 0.12 
100 100 100 
100 100 100 
3.76 3.21 6.95 
100 100 100 
56.09 60.76 71.69 
25.64 25.84 25.06 
100 100 100 
100 100 100 
0.38 0.4 3.54 
100 100 100 
100 100 100 
100 100 100 
100 100 100 
100 100 100 
0.2 0.2 0.21 
3.37 5.63 2.98 
3.61 3.89 3.99 
1.52 1.02 1.0 
100 100 100 
96.0 80.12 78.68 
57.96 57.1 63.16 
57.98 66.23 54.66 
98.59 85.29 80.72 
0.32 0.25 0.25 
59.05 48.31 49.47 
97.65 89.0 86.3 
0.15 0.12 0.12 
86.85 84.93 85.34 
98.43 89.63 95.54 
3.05 3.66 3.58 
100 100 100 
73.24 62.62 83.8 
0.13 0.12 0.12 
