11.73 6.07 1.89 
4.82 1.86 1.82 
5.68 5.89 5.98 
100 100 100 
100 100 100 
37.24 27.09 29.03 
100 100 100 
100 100 100 
100 100 100 
100 100 100 
100 100 100 
78.27 81.53 81.53 
100 100 100 
100 100 100 
100 100 100 
100 100 100 
100 100 100 
36.09 36.15 36.38 
3.34 3.27 4.38 
0.54 0.54 0.56 
0.86 0.91 0.92 
100 100 100 
100 100 100 
6.5 6.63 6.62 
100 100 100 
64.51 73.46 65.28 
51.31 55.77 53.88 
100 100 100 
100 100 100 
2.57 2.77 2.74 
100 100 100 
100 100 100 
100 100 100 
100 100 100 
100 100 100 
1.86 0.83 0.89 
3.37 5.63 2.98 
11.78 6.4 0.19 
1.05 1.04 1.03 
100 100 100 
96.0 80.12 100 
57.96 57.1 65.79 
57.98 66.23 54.66 
96.85 81.77 81.63 
1.48 0.44 0.37 
51.68 59.24 58.25 
82.28 97.53 88.28 
0.77 0.82 0.76 
86.85 84.93 85.34 
97.91 89.63 94.83 
4.94 4.31 4.97 
100 100 100 
67.24 62.62 96.42 
0.12 0.12 0.12 
