23.05 29.75 25.92 
61.0 62.75 64.75 
100 100 100 
100 100 100 
100 100 100 
100 100 100 
100 100 100 
100 100 100 
100 100 100 
100 100 100 
100 100 100 
100 100 100 
100 100 100 
100 100 100 
100 100 100 
100 100 100 
100 100 100 
100 100 100 
18.45 18.46 17.4 
14.12 13.52 12.47 
66.72 61.84 72.13 
100 100 100 
100 100 100 
91.52 96.0 100 
100 100 100 
100 100 100 
100 100 100 
100 100 100 
100 100 100 
83.56 92.16 92.16 
100 100 100 
100 100 100 
100 100 100 
100 100 100 
100 100 100 
100 100 100 
5.45 6.83 6.29 
3.95 1.72 3.64 
1.76 1.26 1.3 
100 100 100 
100 100 100 
100 100 100 
100 100 100 
100.0 100.0 99.98 
1.65 1.63 1.57 
89.96 82.13 91.82 
99.17 99.88 99.22 
1.49 17.22 1.39 
100 100 100 
100 100 100 
100 100 100 
100 100 100 
100 100 100 
1.02 1.03 1.03 
