28.28 28.57 29.07 
83.56 69.05 75.44 
100 100 100 
100 100 100 
100 100 100 
100 100 100 
100 100 100 
100 100 100 
100 100 100 
100 100 100 
100 100 100 
100 100 100 
100 100 100 
100 100 100 
100 100 100 
100 100 100 
100 100 100 
100 100 100 
57.42 62.76 61.67 
39.96 37.37 46.67 
84.44 89.98 88.47 
100 100 100 
100 100 100 
100 100 100 
100 100 100 
100 100 100 
100 100 100 
100 100 100 
100 100 100 
100 100 100 
100 100 100 
100 100 100 
100 100 100 
100 100 100 
100 100 100 
100 100 100 
70.98 75.06 74.06 
22.13 22.17 20.38 
24.22 24.03 22.81 
100 100 100 
100 100 100 
100 100 100 
100 100 100 
100.0 100.0 100.0 
24.18 21.22 23.4 
96.0 96.0 96.0 
93.46 100.0 100.0 
21.93 20.47 21.72 
100 100 100 
100 100 100 
100 100 100 
100 100 100 
100 100 100 
24.75 17.39 17.13 
