13.79 7.35 3.33 
1.34 1.34 1.32 
3.36 3.34 3.62 
100 100 100 
100 100 100 
29.15 27.09 29.03 
100 100 100 
100 100 100 
100 100 100 
100 100 100 
100 100 100 
56.85 58.81 56.91 
100 100 100 
100 100 100 
100 100 100 
100 100 100 
100 100 100 
23.48 25.7 22.27 
3.34 3.27 4.2 
0.39 0.37 0.38 
0.33 0.37 0.35 
100 100 100 
100 100 100 
3.76 3.21 9.37 
100 100 100 
64.51 75.54 65.28 
51.31 55.77 53.88 
100 100 100 
100 100 100 
0.6 0.63 0.61 
100 100 100 
100 100 100 
100 100 100 
100 100 100 
100 100 100 
1.88 0.12 0.12 
3.37 5.63 2.98 
25.29 6.86 2.93 
0.79 0.81 0.81 
100 100 100 
96.0 80.12 78.68 
57.96 57.1 63.16 
57.98 66.23 54.66 
79.14 86.8 90.8 
0.33 0.25 0.25 
51.68 54.6 55.92 
80.87 81.99 90.21 
0.17 0.17 0.17 
86.85 84.93 85.34 
98.43 89.63 95.54 
3.05 3.66 3.58 
100 100 100 
73.24 62.62 79.31 
0.12 0.12 0.12 
