13.67 13.96 13.53 
3.78 5.77 2.54 
24.67 25.01 24.22 
100 100 100 
100 100 100 
53.72 41.44 44.97 
100 100 100 
100 100 100 
100 100 100 
100 100 100 
100 100 100 
100 100 100 
100 100 100 
100 100 100 
100 100 100 
100 100 100 
100 100 100 
100 100 100 
1.59 1.59 11.31 
2.76 2.76 2.74 
1.6 2.92 14.06 
100 100 100 
100 100 100 
35.83 35.03 35.43 
100 100 100 
64.51 71.38 73.19 
52.03 63.03 66.08 
100 100 100 
100 100 100 
13.43 13.95 13.75 
100 100 100 
100 100 100 
100 100 100 
100 100 100 
100 100 100 
3.81 7.77 3.94 
3.0 9.27 2.98 
0.68 0.68 0.96 
0.54 1.5 0.65 
100 100 100 
96.0 80.12 100 
57.96 70.97 68.53 
57.98 66.23 54.66 
89.64 76.57 79.04 
5.86 5.76 5.64 
56.07 65.85 55.87 
99.12 93.16 69.08 
1.07 0.73 3.23 
86.85 84.93 85.34 
98.7 89.63 99.34 
11.52 12.22 11.62 
100 100 100 
72.45 74.39 69.67 
0.12 10.71 2.69 
