12.46 12.69 12.39 
8.63 5.12 5.9 
86.02 84.93 71.55 
100 100 100 
100 100 100 
67.64 69.2 66.67 
100 100 100 
100 100 100 
100 100 100 
100 100 100 
100 100 100 
100 100 100 
100 100 100 
100 100 100 
100 100 100 
100 100 100 
100 100 100 
100 100 100 
3.48 3.68 3.68 
1.21 3.46 1.12 
9.64 15.15 7.86 
100 100 100 
100 100 100 
60.93 59.88 62.02 
100 100 100 
90.58 80.07 84.13 
100 100 100 
100 100 100 
100 100 100 
61.42 64.54 66.47 
100 100 100 
100 100 100 
100 100 100 
100 100 100 
100 100 100 
41.82 38.97 42.09 
0.34 0.34 0.33 
0.44 0.45 0.44 
0.78 0.38 0.38 
100 100 100 
100 100 100 
75.14 77.01 68.53 
96.0 100 100 
99.05 99.89 94.74 
1.34 1.35 1.31 
70.27 70.77 78.18 
80.86 85.86 96.53 
0.28 0.28 12.85 
100 100 100 
100.0 100.0 100.0 
59.31 64.25 54.2 
100 100 100 
80.11 100.0 100.0 
7.42 4.42 2.79 
