11.57 11.6 11.71 
3.24 3.5 5.28 
60.24 69.4 58.24 
100 100 100 
100 100 100 
55.96 45.99 44.97 
100 100 100 
100 100 100 
100 100 100 
100 100 100 
100 100 100 
100 100 100 
100 100 100 
100 100 100 
100 100 100 
100 100 100 
100 100 100 
100 100 100 
1.59 1.59 10.59 
4.66 3.13 2.99 
0.92 0.95 0.89 
100 100 100 
100 100 100 
38.87 39.59 38.45 
100 100 100 
79.7 68.28 73.19 
88.47 80.31 74.69 
100 100 100 
100 100 100 
21.22 20.97 20.46 
100 100 100 
100 100 100 
100 100 100 
100 100 100 
100 100 100 
8.94 8.97 13.41 
1.66 11.37 1.63 
0.68 0.68 1.11 
0.49 0.79 0.49 
100 100 100 
96.0 80.12 100 
75.14 77.01 68.53 
57.98 66.23 54.66 
79.02 90.08 76.05 
2.88 2.5 2.85 
56.07 66.12 55.87 
98.62 87.04 98.55 
0.45 0.91 0.46 
86.85 84.93 85.34 
98.7 84.12 99.19 
17.33 17.6 18.2 
100 100 100 
69.23 74.39 80.93 
0.15 0.15 0.15 
