5.96 3.57 19.88 
0.92 0.9 0.9 
1.75 1.77 1.8 
100 100 100 
100 100 100 
8.95 8.76 7.59 
100 100 100 
100 100 100 
100 100 100 
100 100 100 
100 100 100 
7.05 6.92 6.7 
100 100 100 
100 100 100 
100 100 100 
100 100 100 
100 100 100 
2.49 2.45 3.75 
2.82 2.88 2.86 
0.23 0.23 0.21 
3.05 0.56 0.69 
100 100 100 
100 100 100 
1.25 2.92 1.29 
100 100 100 
44.98 78.69 54.89 
16.13 14.34 16.01 
100 100 100 
100 100 100 
1.32 0.28 0.28 
100 100 100 
100 100 100 
100 100 100 
100 100 100 
100 100 100 
0.12 0.12 0.12 
3.35 3.44 2.98 
2.02 2.01 2.07 
0.97 0.91 0.93 
100 100 100 
96.0 80.12 78.68 
57.96 57.1 60.63 
57.98 66.23 54.66 
99.1 88.02 80.72 
0.32 0.25 0.25 
56.59 48.31 49.47 
71.64 89.0 93.22 
0.12 0.12 0.12 
86.85 84.93 85.34 
98.43 89.63 95.54 
2.81 2.76 2.88 
100 100 100 
62.08 76.06 62.72 
0.12 0.12 0.12 
