4.39 40.92 1.86 
0.72 0.72 0.7 
0.8 0.51 0.58 
34.84 35.0 35.34 
5.2 4.44 5.04 
100 100 100 
100 100 100 
100 100 100 
100 100 100 
26.17 40.08 25.32 
100 100 100 
100 100 100 
100 100 100 
100 100 100 
100 100 100 
100 100 100 
100 100 100 
100 100 100 
100 100 100 
96.0 96.0 100 
100 100 100 
100 100 100 
100 100 100 
100 100 100 
100 100 100 
100 100 100 
100 100 100 
100 100 100 
100 100 100 
61.26 63.81 63.81 
1.3 1.28 1.29 
16.72 0.53 0.45 
0.17 0.23 0.19 
5.21 0.32 0.32 
0.12 0.12 0.12 
100 100 100 
100 100 100 
96.0 100 100 
23.46 23.62 21.22 
2.76 6.04 3.46 
100 100 100 
63.29 76.0 70.3 
50.25 47.7 62.17 
78.92 60.71 66.46 
1.23 1.25 1.27 
100 100 100 
100 100 100 
98.06 100.0 80.04 
78.96 86.22 79.45 
3.75 0.53 1.22 
100 100 100 
100 100 100 
100 100 100 
100 100 100 
100 100 100 
100 100 100 
100 100 100 
100 100 100 
100 100 100 
0.23 0.23 20.93 
2.38 1.86 0.96 
1.42 1.44 1.47 
30.14 7.56 0.13 
0.9 0.88 0.91 
0.12 0.12 0.12 
100 100 100 
100 100 100 
96.0 96.0 100 
75.27 65.21 73.92 
38.78 37.13 44.44 
36.88 25.57 18.6 
98.46 97.62 99.61 
97.44 81.27 79.27 
70.12 91.92 62.22 
5.39 4.03 6.91 
42.87 42.53 54.53 
92.42 97.49 99.66 
82.61 82.45 76.16 
97.19 92.53 89.48 
14.19 30.92 12.42 
26.97 41.11 22.83 
99.42 75.33 92.24 
75.0 83.47 95.07 
68.03 73.1 78.2 
3.96 3.83 3.87 
36.03 36.16 36.84 
92.88 97.19 99.88 
76.73 82.67 92.05 
97.83 83.41 98.75 
4.46 24.59 6.17 
