6.36 6.55 5.48 
1.51 1.5 1.55 
2.18 2.26 2.23 
100 100 100 
100 100 100 
2.14 2.16 8.14 
100 100 100 
100 100 100 
100 100 100 
100 100 100 
100 100 100 
2.99 3.37 3.48 
100 100 100 
100 100 100 
100 100 100 
100 100 100 
100 100 100 
0.23 0.23 0.75 
1.6 1.67 4.34 
0.12 0.12 1.29 
0.67 0.12 0.12 
100 100 100 
100 100 100 
0.33 0.35 0.31 
100 100 100 
68.45 73.7 48.53 
11.18 11.3 10.69 
100 100 100 
80.06 100 100 
0.12 0.12 0.12 
100 100 100 
100 100 100 
100 100 100 
100 100 100 
100 100 100 
0.12 0.12 0.12 
0.43 0.97 0.84 
9.34 6.16 12.86 
5.06 0.56 0.38 
100 100 100 
92.16 80.12 78.68 
41.83 41.19 37.17 
57.98 66.23 54.66 
81.01 91.34 82.51 
6.64 4.32 25.85 
66.14 44.56 44.29 
98.69 97.28 99.58 
0.35 0.35 0.35 
86.85 84.93 85.34 
71.5 78.19 87.51 
1.52 1.58 1.55 
100 100 100 
60.67 77.58 67.55 
0.12 0.12 0.12 
