11.44 15.2 5.77 
1.38 1.48 1.45 
0.53 0.38 0.34 
26.73 26.57 26.75 
3.0 2.96 2.96 
100 100 100 
100 100 100 
100 100 100 
100 100 100 
23.28 22.64 22.93 
100 100 100 
100 100 100 
100 100 100 
100 100 100 
100 100 100 
100 100 100 
100 100 100 
100 100 100 
100 100 100 
61.26 53.72 63.81 
100 100 100 
100 100 100 
100 100 100 
100 100 100 
100 100 100 
100 100 100 
100 100 100 
100 100 100 
100 100 100 
61.58 44.22 52.03 
2.43 0.34 0.34 
3.81 0.24 0.23 
0.12 0.12 0.12 
0.12 0.12 0.12 
0.21 0.12 0.12 
100 100 100 
100 100 100 
96.0 100 100 
14.43 14.4 13.35 
2.3 2.36 1.99 
100 100 100 
66.06 73.67 63.58 
40.57 42.71 40.16 
82.51 60.71 66.46 
0.16 0.15 0.16 
100 100 100 
100 100 100 
98.06 100.0 80.04 
63.27 65.49 73.21 
12.06 0.86 3.08 
100 100 100 
100 100 100 
100 100 100 
100 100 100 
100 100 100 
100 100 100 
100 100 100 
100 100 100 
83.35 100 100 
0.67 0.3 0.3 
0.44 0.46 0.46 
0.71 0.69 0.68 
0.92 0.92 0.89 
0.13 0.37 0.13 
0.47 0.46 0.18 
100 100 100 
100 100 100 
96.0 96.0 100 
72.26 65.21 59.18 
32.94 29.75 32.05 
21.71 23.88 19.5 
99.29 99.87 98.15 
97.93 78.28 75.14 
67.25 70.86 74.4 
3.31 3.4 1.47 
39.45 38.44 51.13 
96.41 99.12 94.43 
60.92 96.94 81.41 
89.78 97.96 90.49 
3.11 3.28 3.27 
38.98 27.44 23.15 
99.54 75.33 92.24 
94.89 91.57 92.09 
68.03 73.1 80.33 
1.77 1.61 1.56 
31.9 31.99 32.6 
95.65 94.97 96.64 
75.18 70.44 77.69 
88.34 99.66 88.37 
2.43 2.46 2.48 
