12.23 8.85 10.2 
4.04 2.76 2.76 
16.41 16.63 16.84 
100 100 100 
100 100 100 
53.72 41.44 44.97 
100 100 100 
100 100 100 
100 100 100 
100 100 100 
100 100 100 
100 100 100 
100 100 100 
100 100 100 
100 100 100 
100 100 100 
100 100 100 
100 100 100 
3.01 3.14 8.42 
2.91 1.12 1.13 
3.0 3.03 3.46 
100 100 100 
100 100 100 
28.5 33.63 30.59 
100 100 100 
64.51 71.38 73.19 
52.03 63.03 66.08 
100 100 100 
100 100 100 
12.98 13.95 13.75 
100 100 100 
100 100 100 
100 100 100 
100 100 100 
100 100 100 
3.81 7.77 3.94 
3.0 6.86 2.98 
0.31 0.31 0.32 
2.18 5.64 2.4 
100 100 100 
96.0 80.12 100 
57.96 70.97 68.53 
57.98 66.23 54.66 
94.61 79.66 87.61 
0.82 0.81 0.84 
56.07 64.94 55.87 
99.12 95.53 80.26 
0.22 0.34 0.23 
86.85 84.93 85.34 
98.85 89.63 94.83 
8.42 8.81 9.15 
100 100 100 
61.69 62.04 82.15 
0.52 1.05 1.08 
