10.7 10.16 11.19 
11.44 11.17 11.41 
100 100 100 
100 100 100 
100 100 100 
100 100 100 
100 100 100 
100 100 100 
100 100 100 
100 100 100 
100 100 100 
100 100 100 
100 100 100 
100 100 100 
100 100 100 
100 100 100 
100 100 100 
100 100 100 
4.88 5.26 4.98 
2.38 2.23 2.4 
9.17 9.32 8.99 
100 100 100 
100 100 100 
91.52 92.16 82.41 
100 100 100 
87.74 99.78 100.0 
100 100 100 
100 100 100 
100 100 100 
83.56 92.16 92.16 
100 100 100 
100 100 100 
100 100 100 
100 100 100 
100 100 100 
100 100 100 
2.02 2.07 2.17 
0.95 1.27 0.9 
0.83 0.83 0.85 
100 100 100 
100 100 100 
75.14 77.01 68.53 
96.0 100 100 
99.83 99.5 99.88 
1.39 1.4 1.42 
75.83 73.06 80.21 
99.73 91.74 99.88 
0.51 0.34 0.35 
100 100 100 
100.0 100.0 100.0 
59.31 64.25 54.2 
100 100 100 
80.11 100.0 100.0 
0.21 0.18 0.21 
