16.18 16.16 16.38 
33.03 39.61 39.67 
100 100 100 
100 100 100 
100 100 100 
100 100 100 
100 100 100 
100 100 100 
100 100 100 
100 100 100 
100 100 100 
100 100 100 
100 100 100 
100 100 100 
100 100 100 
100 100 100 
100 100 100 
100 100 100 
10.72 13.16 10.89 
4.66 4.7 4.36 
18.25 18.9 19.86 
100 100 100 
100 100 100 
91.52 92.16 82.41 
100 100 100 
100.0 99.65 100.0 
100 100 100 
100 100 100 
100 100 100 
83.56 92.16 92.16 
100 100 100 
100 100 100 
100 100 100 
100 100 100 
100 100 100 
100 100 100 
2.96 2.99 3.0 
11.83 13.3 12.77 
5.61 7.44 5.37 
100 100 100 
100 100 100 
78.27 77.01 68.53 
100 100 100 
93.77 81.29 97.24 
2.37 3.28 2.27 
77.62 82.68 82.23 
99.73 99.36 99.24 
0.44 0.76 0.46 
100 100 100 
100.0 100.0 100.0 
59.31 64.25 54.2 
100 100 100 
80.11 100.0 100.0 
0.12 0.12 0.12 
