5.16 5.2 4.02 
2.3 2.29 2.37 
79.28 81.71 71.55 
100 100 100 
100 100 100 
67.64 69.2 66.67 
100 100 100 
100 100 100 
100 100 100 
100 100 100 
100 100 100 
100 100 100 
100 100 100 
100 100 100 
100 100 100 
100 100 100 
100 100 100 
100 100 100 
3.12 3.19 3.25 
1.69 1.56 1.56 
6.1 6.32 5.95 
100 100 100 
100 100 100 
60.93 59.88 62.02 
100 100 100 
96.42 85.51 86.28 
100 100 100 
100 100 100 
100 100 100 
61.42 64.54 66.47 
100 100 100 
100 100 100 
100 100 100 
100 100 100 
100 100 100 
41.82 38.97 42.09 
0.3 0.31 0.29 
0.19 0.19 0.59 
0.35 0.36 0.83 
100 100 100 
100 100 100 
75.14 77.01 68.53 
96.0 100 100 
95.55 89.31 79.53 
1.34 1.35 1.31 
70.27 73.51 73.98 
99.08 99.26 99.88 
0.28 0.28 12.85 
100 100 100 
100.0 100.0 100.0 
59.31 64.25 54.2 
100 100 100 
80.11 100.0 100.0 
7.42 4.42 2.79 
