7.3 4.77 4.91 
0.84 0.87 0.84 
0.53 0.4 0.34 
17.16 17.66 17.15 
1.32 1.18 1.27 
100 100 100 
100 100 100 
100 100 100 
100 100 100 
21.74 14.52 14.63 
100 100 100 
100 100 100 
100 100 100 
100 100 100 
100 100 100 
100 100 100 
100 100 100 
100 100 100 
100 100 100 
61.26 53.72 63.81 
100 100 100 
100 100 100 
100 100 100 
100 100 100 
100 100 100 
100 100 100 
100 100 100 
100 100 100 
100 100 100 
61.58 44.22 52.03 
0.76 0.53 3.21 
0.81 0.24 0.32 
0.29 0.13 0.14 
0.47 0.46 0.46 
1.78 0.48 0.12 
100 100 100 
100 100 100 
96.0 100 100 
10.43 10.05 10.04 
3.93 3.22 2.53 
100 100 100 
66.06 73.67 63.58 
44.1 60.76 44.11 
51.41 63.62 60.89 
0.12 0.14 0.12 
100 100 100 
100 100 100 
98.06 100.0 80.04 
65.9 61.28 88.0 
1.05 1.09 1.03 
100 100 100 
100 100 100 
100 100 100 
100 100 100 
100 100 100 
100 100 100 
100 100 100 
100 100 100 
83.35 100 100 
0.99 0.46 0.35 
0.74 0.56 1.05 
1.48 1.51 1.47 
6.09 6.3 4.21 
4.26 0.2 0.39 
11.05 3.09 8.76 
100 100 100 
100 100 100 
96.0 96.0 100 
72.26 65.21 59.18 
26.86 23.36 27.23 
21.71 23.88 19.5 
99.84 97.94 98.78 
95.76 78.28 78.08 
97.37 64.14 54.33 
3.66 3.07 3.72 
58.03 40.56 49.08 
97.37 99.7 96.32 
86.21 85.86 97.21 
93.31 95.87 78.74 
7.59 7.43 7.67 
31.7 27.44 24.27 
99.88 80.19 94.94 
92.5 95.06 93.03 
68.03 73.1 88.89 
8.28 8.21 8.23 
29.4 28.39 43.6 
94.37 96.64 96.04 
70.67 68.32 84.4 
77.01 83.41 87.77 
3.65 3.27 1.06 
