10.13 9.79 4.61 
1.16 2.1 1.59 
1.8 1.84 1.82 
100 100 100 
100 100 100 
2.14 2.16 4.97 
100 100 100 
100 100 100 
100 100 100 
100 100 100 
100 100 100 
1.23 1.23 1.22 
100 100 100 
100 100 100 
100 100 100 
100 100 100 
100 100 100 
0.23 0.31 0.31 
2.08 4.49 2.84 
0.4 0.17 0.39 
0.16 0.16 0.17 
100 100 100 
100 100 100 
0.3 1.6 0.31 
100 100 100 
70.72 89.71 56.35 
5.41 5.28 5.29 
100 100 100 
80.06 100 100 
0.34 0.25 0.34 
100 100 100 
100 100 100 
100 100 100 
100 100 100 
100 100 100 
0.47 0.25 0.2 
0.43 1.08 1.08 
0.87 0.87 0.85 
0.65 0.69 0.72 
100 100 100 
88.47 80.12 78.68 
40.16 41.19 37.17 
57.98 66.23 54.66 
80.12 81.84 95.44 
7.57 4.32 26.63 
60.54 44.56 44.29 
99.78 79.97 99.25 
0.55 0.35 0.34 
86.85 84.93 85.34 
71.5 78.19 91.49 
1.52 1.58 1.55 
100 100 100 
60.67 64.79 67.55 
0.12 0.12 0.19 
