13.5 6.38 4.91 
4.55 0.87 1.08 
1.8 1.84 1.82 
100 100 100 
100 100 100 
2.14 2.16 4.97 
100 100 100 
100 100 100 
100 100 100 
100 100 100 
100 100 100 
1.23 1.23 1.22 
100 100 100 
100 100 100 
100 100 100 
100 100 100 
100 100 100 
0.23 0.31 0.31 
2.08 7.34 2.84 
0.75 0.23 0.33 
0.15 0.15 0.16 
100 100 100 
100 100 100 
0.3 1.6 0.31 
100 100 100 
76.57 86.3 68.99 
5.41 5.28 5.29 
100 100 100 
80.06 100 100 
0.34 0.25 0.34 
100 100 100 
100 100 100 
100 100 100 
100 100 100 
100 100 100 
0.47 0.25 0.2 
0.63 0.72 0.72 
2.46 4.44 4.5 
0.44 0.46 0.46 
100 100 100 
88.47 80.12 78.68 
40.16 41.19 37.17 
57.98 66.23 54.66 
93.96 91.31 96.41 
7.57 4.32 20.02 
49.37 44.56 44.29 
95.6 89.4 99.51 
0.23 0.23 0.23 
86.85 84.93 85.34 
71.5 78.19 91.49 
1.52 1.58 1.55 
100 100 100 
60.67 64.79 68.85 
0.12 0.12 0.12 
