20.75 5.64 5.53 
0.91 1.89 0.83 
1.37 9.72 4.07 
100 100 100 
100 100 100 
8.63 6.56 4.84 
100 100 100 
100 100 100 
100 100 100 
100 100 100 
100 100 100 
7.05 6.92 6.7 
100 100 100 
100 100 100 
100 100 100 
100 100 100 
100 100 100 
2.49 2.45 3.75 
3.16 1.93 1.95 
12.57 0.12 0.12 
1.67 0.96 0.9 
100 100 100 
100 100 100 
0.64 0.64 0.64 
100 100 100 
62.24 93.98 72.69 
16.13 14.34 16.01 
100 100 100 
80.06 100 100 
0.4 0.4 0.42 
100 100 100 
100 100 100 
100 100 100 
100 100 100 
100 100 100 
0.12 0.12 0.12 
1.23 0.68 0.67 
1.74 0.17 0.17 
0.54 0.55 0.54 
100 100 100 
96.0 80.12 78.68 
57.96 57.1 60.63 
57.98 66.23 54.66 
83.0 84.3 96.15 
0.24 0.24 0.25 
48.07 48.31 46.47 
85.94 83.47 97.5 
0.12 0.12 0.12 
86.85 84.93 85.34 
98.43 89.63 95.54 
2.81 2.76 2.88 
100 100 100 
62.08 76.06 62.72 
0.12 0.12 0.12 
