7.06 7.49 7.25 
6.36 2.69 2.76 
14.52 14.71 14.9 
100 100 100 
100 100 100 
47.53 41.44 44.97 
100 100 100 
100 100 100 
100 100 100 
100 100 100 
100 100 100 
100 100 100 
100 100 100 
100 100 100 
100 100 100 
100 100 100 
100 100 100 
100 100 100 
3.34 3.27 4.2 
0.69 0.72 0.72 
1.92 1.59 1.6 
100 100 100 
100 100 100 
25.22 25.27 24.95 
100 100 100 
64.51 73.46 65.28 
52.03 63.03 66.08 
100 100 100 
100 100 100 
6.83 10.96 6.78 
100 100 100 
100 100 100 
100 100 100 
100 100 100 
100 100 100 
1.44 1.44 1.42 
3.37 5.63 2.98 
23.56 0.2 0.19 
1.72 1.83 1.8 
100 100 100 
96.0 80.12 100 
57.96 70.97 68.53 
57.98 66.23 54.66 
92.06 78.16 77.94 
0.23 0.23 0.23 
53.83 55.16 55.87 
92.57 85.47 98.53 
11.18 2.01 0.53 
86.85 84.93 85.34 
96.27 89.63 94.83 
6.55 7.8 7.77 
100 100 100 
67.24 54.89 91.91 
0.58 0.34 0.5 
