2.6 2.25 2.49 
3.04 3.09 3.07 
2.05 0.51 0.94 
34.84 35.0 33.93 
9.81 4.44 5.04 
100 100 100 
100 100 100 
100 100 100 
100 100 100 
23.28 22.64 22.93 
100 100 100 
100 100 100 
100 100 100 
100 100 100 
100 100 100 
100 100 100 
100 100 100 
100 100 100 
100 100 100 
96.0 96.0 100 
100 100 100 
100 100 100 
100 100 100 
100 100 100 
100 100 100 
100 100 100 
100 100 100 
100 100 100 
100 100 100 
52.03 44.22 54.2 
2.41 1.81 2.63 
1.24 1.26 1.21 
0.19 0.37 0.17 
1.33 0.63 0.32 
0.12 0.12 0.12 
100 100 100 
100 100 100 
96.0 100 100 
17.97 15.92 18.03 
2.76 3.71 3.46 
100 100 100 
66.06 72.57 59.96 
60.2 69.28 61.22 
81.78 60.71 66.46 
0.54 0.54 0.56 
100 100 100 
100 100 100 
98.06 100.0 80.04 
80.61 76.93 69.04 
7.67 0.53 1.58 
100 100 100 
100 100 100 
100 100 100 
100 100 100 
100 100 100 
100 100 100 
100 100 100 
100 100 100 
83.35 100 100 
0.23 0.23 5.35 
0.34 0.35 0.35 
0.55 0.58 0.81 
0.32 0.2 0.2 
0.63 0.65 0.66 
0.32 0.35 0.35 
100 100 100 
100 100 100 
96.0 96.0 100 
75.27 65.21 73.92 
37.23 37.13 37.74 
32.62 25.57 18.6 
96.29 99.66 95.11 
87.34 81.2 92.74 
70.2 68.63 82.57 
2.94 2.96 13.34 
37.35 37.63 54.66 
98.82 98.83 97.95 
73.82 76.67 95.62 
89.5 82.64 79.47 
10.33 11.68 9.65 
26.97 29.65 22.83 
99.56 75.33 92.24 
95.27 73.2 81.74 
68.03 73.1 78.2 
2.95 2.94 2.78 
36.03 36.16 36.84 
92.88 97.73 99.88 
72.04 93.22 83.44 
74.17 78.95 86.71 
2.95 2.06 18.21 
