6.76 6.51 13.17 
1.22 0.87 1.08 
1.8 1.84 1.82 
100 100 100 
100 100 100 
2.14 2.16 4.97 
100 100 100 
100 100 100 
100 100 100 
100 100 100 
100 100 100 
1.23 1.23 1.22 
100 100 100 
100 100 100 
100 100 100 
100 100 100 
100 100 100 
0.23 0.31 0.31 
3.32 5.65 3.13 
0.3 0.16 0.12 
0.15 0.15 0.16 
100 100 100 
100 100 100 
0.3 1.6 0.31 
100 100 100 
90.77 72.47 64.38 
5.41 5.28 5.29 
100 100 100 
80.06 100 100 
0.34 0.25 0.34 
100 100 100 
100 100 100 
100 100 100 
100 100 100 
100 100 100 
0.47 0.25 0.2 
0.63 1.08 0.8 
0.96 0.93 0.96 
0.44 0.43 0.73 
100 100 100 
88.47 80.12 78.68 
40.16 41.19 37.17 
57.98 66.23 54.66 
95.41 93.9 96.44 
7.57 4.32 20.02 
53.27 43.55 44.29 
95.6 93.08 99.19 
0.23 0.23 0.23 
86.85 84.93 85.34 
71.5 78.19 91.49 
1.52 1.58 1.55 
100 100 100 
60.67 64.79 68.85 
0.12 0.12 0.12 
