7.19 6.91 6.88 
32.51 38.04 36.56 
100 100 100 
100 100 100 
100 100 100 
100 100 100 
100 100 100 
100 100 100 
100 100 100 
100 100 100 
100 100 100 
100 100 100 
100 100 100 
100 100 100 
100 100 100 
100 100 100 
100 100 100 
100 100 100 
6.75 7.84 6.9 
3.94 3.2 4.21 
18.25 18.9 19.07 
100 100 100 
100 100 100 
91.52 92.16 82.41 
100 100 100 
100.0 99.78 100.0 
100 100 100 
100 100 100 
100 100 100 
83.56 92.16 92.16 
100 100 100 
100 100 100 
100 100 100 
100 100 100 
100 100 100 
100 100 100 
2.45 2.43 2.45 
0.93 0.96 1.54 
1.54 1.59 1.66 
100 100 100 
100 100 100 
78.27 77.01 68.53 
100 100 100 
98.7 90.2 99.57 
1.45 1.46 1.42 
82.03 74.56 83.81 
97.95 99.88 99.84 
0.32 0.32 0.58 
100 100 100 
100.0 100.0 100.0 
59.31 64.25 54.2 
100 100 100 
80.11 100.0 100.0 
0.21 0.18 0.21 
