3.61 3.69 3.62 
2.9 2.8 2.85 
60.24 69.4 58.24 
100 100 100 
100 100 100 
55.96 45.99 44.97 
100 100 100 
100 100 100 
100 100 100 
100 100 100 
100 100 100 
100 100 100 
100 100 100 
100 100 100 
100 100 100 
100 100 100 
100 100 100 
100 100 100 
1.77 1.8 1.78 
0.74 0.55 1.4 
1.66 1.71 1.66 
100 100 100 
100 100 100 
38.87 39.59 38.45 
100 100 100 
82.31 71.8 69.15 
88.47 80.31 74.69 
100 100 100 
100 100 100 
37.34 26.79 27.07 
100 100 100 
100 100 100 
100 100 100 
100 100 100 
100 100 100 
16.37 18.47 18.61 
13.13 0.12 2.57 
2.62 2.52 2.9 
2.27 1.72 3.49 
100 100 100 
96.0 80.12 100 
75.14 77.01 68.53 
84.93 84.93 76.82 
84.31 97.79 78.03 
3.73 5.99 5.42 
63.37 60.3 60.86 
98.99 98.73 98.94 
2.31 2.36 2.52 
100 100 100 
98.7 80.15 100.0 
19.51 19.76 19.75 
100 100 100 
69.23 74.39 80.93 
0.12 0.12 0.12 
