3.6 3.68 5.74 
0.81 1.68 0.83 
1.37 20.27 1.35 
100 100 100 
100 100 100 
23.39 4.86 4.84 
100 100 100 
100 100 100 
100 100 100 
100 100 100 
100 100 100 
7.05 6.92 6.7 
100 100 100 
100 100 100 
100 100 100 
100 100 100 
100 100 100 
2.49 2.45 3.75 
2.5 2.46 3.74 
0.18 0.19 0.19 
0.62 0.64 0.57 
100 100 100 
100 100 100 
1.01 1.05 1.05 
100 100 100 
44.98 79.54 54.89 
16.13 14.34 16.01 
100 100 100 
80.06 100 100 
0.75 0.41 0.4 
100 100 100 
100 100 100 
100 100 100 
100 100 100 
100 100 100 
0.24 0.12 0.12 
2.14 2.19 2.17 
0.77 0.77 0.72 
0.62 0.59 0.6 
100 100 100 
96.0 80.12 78.68 
57.96 57.1 60.63 
57.98 66.23 54.66 
79.46 95.02 88.76 
0.24 0.24 0.25 
48.07 48.31 57.0 
79.95 88.72 98.03 
0.14 0.12 0.12 
86.85 84.93 85.34 
98.43 89.63 95.54 
2.81 2.76 2.88 
100 100 100 
62.08 76.06 62.72 
0.12 0.12 0.12 
