8.74 13.48 7.16 
5.77 1.06 1.08 
0.55 0.53 0.55 
34.84 36.46 36.81 
5.42 4.47 5.25 
100 100 100 
100 100 100 
100 100 100 
100 100 100 
26.17 40.08 25.32 
100 100 100 
100 100 100 
100 100 100 
100 100 100 
100 100 100 
100 100 100 
100 100 100 
100 100 100 
100 100 100 
96.0 96.0 100 
100 100 100 
100 100 100 
100 100 100 
100 100 100 
100 100 100 
100 100 100 
100 100 100 
100 100 100 
100 100 100 
61.26 63.81 63.81 
2.51 2.33 3.29 
9.87 3.33 3.46 
0.2 0.6 0.21 
1.79 1.81 0.9 
1.27 0.88 0.79 
100 100 100 
100 100 100 
96.0 100 100 
38.87 31.89 34.24 
2.76 6.29 3.46 
100 100 100 
76.03 92.04 77.73 
84.37 56.05 57.27 
71.73 56.54 77.96 
2.65 2.49 2.65 
100 100 100 
100 100 100 
98.06 100.0 80.04 
88.15 86.22 97.38 
8.67 0.53 0.68 
100 100 100 
100 100 100 
100 100 100 
100 100 100 
100 100 100 
100 100 100 
100 100 100 
100 100 100 
100 100 100 
0.23 0.23 1.29 
0.53 0.52 1.08 
0.6 2.46 2.46 
1.21 1.17 0.31 
1.64 1.64 21.18 
0.77 0.75 0.78 
100 100 100 
100 100 100 
96.0 100 100 
75.27 65.21 73.92 
38.78 48.07 44.44 
17.04 18.6 17.32 
94.53 96.73 99.65 
86.45 97.02 82.17 
99.17 77.55 81.14 
0.76 0.74 15.18 
66.23 41.72 44.63 
95.92 96.47 99.26 
76.0 87.58 70.71 
85.89 94.2 82.99 
23.15 16.88 9.15 
25.57 24.04 25.64 
97.11 99.28 97.01 
95.94 78.62 83.18 
96.13 73.1 78.2 
1.93 1.64 1.92 
42.42 42.58 41.64 
79.2 96.51 97.48 
56.23 91.65 69.06 
67.91 82.7 95.56 
4.73 0.15 7.42 
