5.22 5.4 5.37 
2.9 1.6 1.56 
2.42 2.26 2.23 
100 100 100 
100 100 100 
2.14 2.16 8.14 
100 100 100 
100 100 100 
100 100 100 
100 100 100 
100 100 100 
2.99 3.37 3.48 
100 100 100 
100 100 100 
100 100 100 
100 100 100 
100 100 100 
0.23 0.23 0.75 
2.56 2.63 5.4 
0.44 0.44 0.44 
0.27 0.28 0.29 
100 100 100 
100 100 100 
0.37 0.38 0.39 
100 100 100 
74.32 68.92 87.96 
12.65 12.26 12.54 
100 100 100 
80.06 100 100 
0.12 0.12 0.12 
100 100 100 
100 100 100 
100 100 100 
100 100 100 
100 100 100 
0.13 0.12 0.12 
0.15 0.15 2.25 
0.53 0.9 1.46 
1.85 0.45 0.44 
100 100 100 
92.16 80.12 78.68 
41.83 41.19 37.17 
57.98 66.23 54.66 
86.32 91.67 97.47 
4.84 1.86 19.85 
61.65 43.68 44.29 
87.38 89.2 98.03 
0.41 0.43 0.42 
86.85 84.93 85.34 
95.39 93.04 80.15 
2.29 2.28 2.34 
100 100 100 
55.25 67.52 75.03 
0.12 0.12 0.12 
