0 0 0 0 0 
2 0 0 0 0 
0 0 0 0 0 
2 3 3 3 3 
24 25 26 25 26 
100 100 100 100 100 
100 100 100 100 100 
100 100 100 100 100 
96 96 80 96 96 
3 0 0 0 0 
100 100 100 100 100 
100 100 100 100 100 
100 100 100 100 100 
100 100 100 100 100 
100 100 100 100 100 
100 100 100 100 100 
100 100 100 100 100 
100 100 100 100 100 
100 100 100 100 100 
88 88 88 88 76 
100 100 100 100 100 
100 100 100 100 100 
100 100 100 100 100 
100 100 100 100 100 
100 100 100 100 100 
100 100 100 100 100 
100 100 100 100 100 
100 100 100 100 100 
100 100 100 100 100 
96 96 96 100 100 
0 0 0 0 0 
0 0 0 0 0 
0 0 0 0 0 
0 0 0 0 0 
43 42 36 42 38 
100 100 100 100 100 
100 100 100 100 100 
100 100 100 100 100 
17 17 48 18 18 
8 9 10 10 9 
100 100 100 100 100 
87 91 96 98 100 
72 67 67 80 64 
33 33 33 35 42 
44 40 42 44 40 
100 100 100 100 100 
100 100 100 100 100 
99 100 100 100 100 
59 60 67 60 60 
7 7 7 12 8 
100 100 100 100 100 
100 100 100 100 100 
100 100 100 100 100 
93 89 92 92 91 
100 100 100 100 100 
100 100 100 100 100 
100 100 100 100 100 
99 97 99 100 100 
95 97 96 81 96 
0 0 0 0 0 
0 0 0 0 0 
0 0 0 0 0 
0 0 0 0 0 
0 0 0 0 0 
5 5 5 5 6 
100 100 100 100 100 
100 100 100 100 100 
100 100 100 100 100 
77 88 92 92 92 
9 9 10 10 10 
96 100 100 100 100 
73 74 73 76 85 
56 64 64 82 68 
45 47 48 48 75 
39 24 24 24 22 
100 100 100 100 100 
91 91 92 92 91 
81 82 82 82 81 
60 76 63 61 62 
0 0 0 0 0 
42 42 44 44 44 
76 85 72 85 86 
83 82 70 84 84 
79 79 78 79 81 
100 100 100 100 100 
70 70 69 68 69 
68 70 81 79 73 
84 84 84 83 82 
60 64 82 62 66 
0 0 0 0 0 
