0 0 0 0 0 
17 16 18 19 19 
52 47 50 55 52 
100 100 100 100 100 
88 87 92 82 92 
100 100 100 100 100 
100 100 100 100 100 
100 100 100 100 100 
100 100 100 100 100 
100 100 100 100 100 
100 100 100 100 100 
100 100 100 100 100 
100 100 100 100 100 
100 100 100 100 100 
100 100 100 100 100 
100 100 100 100 100 
100 100 100 100 100 
100 100 100 100 100 
100 100 100 100 100 
100 100 100 100 100 
100 100 100 100 100 
100 100 100 100 100 
100 100 100 100 100 
100 100 100 100 100 
100 100 100 100 100 
100 100 100 100 100 
100 100 100 100 100 
100 100 100 100 100 
100 100 100 100 100 
100 100 100 100 100 
0 0 0 0 0 
3 4 5 5 5 
0 0 0 0 0 
61 57 61 60 58 
0 0 0 9 0 
100 100 100 100 100 
100 100 100 100 100 
100 100 100 100 100 
100 100 100 96 100 
96 100 100 100 100 
100 100 100 100 100 
100 100 100 100 100 
80 81 84 100 100 
100 100 100 100 100 
96 96 96 96 96 
100 100 100 100 100 
100 100 100 100 100 
100 100 100 100 100 
100 100 100 100 100 
100 100 100 100 100 
100 100 100 100 100 
100 100 100 100 100 
100 100 100 100 100 
100 100 100 100 100 
100 100 100 100 100 
100 100 100 100 100 
100 100 100 100 100 
100 100 100 100 100 
100 100 100 100 100 
100 100 100 100 100 
0 0 0 0 0 
1 0 0 0 0 
0 0 0 0 0 
5 6 12 14 6 
0 0 0 0 0 
100 100 100 100 100 
100 100 100 100 100 
100 100 100 100 100 
100 100 100 100 100 
96 100 100 100 100 
100 100 100 100 100 
99 100 100 99 100 
89 99 100 100 100 
96 76 84 96 92 
72 71 67 61 63 
75 73 76 77 76 
96 97 96 95 98 
84 89 68 92 92 
99 99 100 91 96 
8 7 8 7 9 
100 100 100 100 100 
100 100 100 100 100 
100 100 100 100 100 
100 100 100 100 100 
100 100 100 100 100 
100 100 100 100 100 
100 100 100 100 100 
100 100 100 100 100 
100 100 100 100 100 
96 100 96 100 100 
