0 0 0 0 0 
0 0 0 0 0 
31 22 30 31 30 
100 100 100 100 100 
88 87 92 82 92 
100 100 100 100 100 
100 100 100 100 100 
100 100 100 100 100 
100 100 100 100 100 
100 100 100 100 100 
100 100 100 100 100 
100 100 100 100 100 
100 100 100 100 100 
100 100 100 100 100 
100 100 100 100 100 
100 100 100 100 100 
100 100 100 100 100 
100 100 100 100 100 
100 100 100 100 100 
100 100 100 100 100 
100 100 100 100 100 
100 100 100 100 100 
100 100 100 100 100 
100 100 100 100 100 
100 100 100 100 100 
100 100 100 100 100 
100 100 100 100 100 
100 100 100 100 100 
100 100 100 100 100 
100 100 100 100 100 
0 0 0 0 0 
0 0 0 0 0 
0 0 0 0 0 
58 57 61 57 58 
0 0 0 0 0 
100 100 100 100 100 
100 100 100 100 100 
100 100 100 100 100 
100 100 100 96 100 
96 100 100 100 100 
100 100 100 100 100 
84 84 97 99 100 
74 83 59 86 80 
100 100 100 100 100 
96 96 96 96 96 
100 100 100 100 100 
100 100 100 100 100 
100 100 100 100 100 
100 100 100 100 100 
96 81 100 100 100 
100 100 100 100 100 
100 100 100 100 100 
100 100 100 100 100 
100 100 100 100 100 
100 100 100 100 100 
100 100 100 100 100 
100 100 100 100 100 
100 100 100 100 100 
100 100 100 100 100 
100 100 100 100 100 
0 0 0 0 0 
0 0 0 0 0 
0 0 0 0 0 
0 0 0 0 0 
0 0 0 0 0 
100 100 100 100 100 
100 100 100 100 100 
100 100 100 100 100 
100 100 100 100 100 
96 100 96 100 100 
100 100 100 100 100 
99 97 100 96 100 
76 85 85 87 75 
80 87 92 96 92 
38 40 34 42 42 
71 63 63 65 64 
94 94 94 93 95 
89 75 85 79 83 
85 85 99 95 96 
33 2 4 9 1 
100 100 100 100 100 
100 100 100 100 100 
100 100 100 100 100 
100 100 100 100 100 
100 100 100 100 100 
100 100 100 100 100 
100 100 100 100 100 
100 100 100 100 100 
100 100 100 100 100 
25 25 25 25 27 
