0 19 0 0 0 
27 27 29 25 28 
61 63 63 60 66 
100 100 100 100 100 
92 87 92 85 96 
100 100 100 100 100 
100 100 100 100 100 
100 100 100 100 100 
100 100 100 100 100 
100 100 100 100 100 
100 100 100 100 100 
100 100 100 100 100 
100 100 100 100 100 
100 100 100 100 100 
100 100 100 100 100 
100 100 100 100 100 
100 100 100 100 100 
100 100 100 100 100 
100 100 100 100 100 
100 100 100 100 100 
100 100 100 100 100 
100 100 100 100 100 
100 100 100 100 100 
100 100 100 100 100 
100 100 100 100 100 
100 100 100 100 100 
100 100 100 100 100 
100 100 100 100 100 
100 100 100 100 100 
100 100 100 100 100 
0 0 0 0 0 
10 9 10 10 10 
0 0 1 0 0 
82 96 100 100 100 
0 0 0 0 0 
100 100 100 100 100 
100 100 100 100 100 
100 100 100 100 100 
100 100 100 100 100 
96 100 100 100 100 
100 100 100 100 100 
100 100 100 100 100 
80 81 80 100 100 
100 100 100 100 100 
100 100 100 96 96 
100 100 100 100 100 
100 100 100 100 100 
100 100 100 100 100 
100 100 100 100 100 
100 100 100 100 100 
100 100 100 100 100 
100 100 100 100 100 
100 100 100 100 100 
100 100 100 100 100 
100 100 100 100 100 
100 100 100 100 100 
100 100 100 100 100 
100 100 100 100 100 
100 100 100 100 100 
100 100 100 100 100 
0 0 0 0 0 
0 0 0 0 0 
0 0 0 0 0 
7 7 8 7 6 
0 0 0 0 0 
100 100 100 100 100 
100 100 100 100 100 
100 100 100 100 100 
100 100 100 100 100 
96 100 100 100 100 
100 100 100 100 100 
100 100 100 99 100 
87 99 100 100 100 
96 92 81 96 92 
72 71 67 61 63 
78 73 80 77 80 
97 97 97 95 98 
92 88 92 92 92 
99 99 100 78 95 
10 8 11 10 11 
100 100 100 100 100 
100 100 100 100 100 
100 100 100 100 100 
100 100 100 100 100 
100 100 100 100 100 
100 100 100 100 100 
100 100 100 100 100 
100 100 100 100 100 
100 100 100 100 100 
100 100 96 100 100 
