44 46 45 44 45 
84 85 96 96 92 
92 100 100 96 96 
100 100 100 100 100 
100 100 100 100 100 
100 100 100 100 100 
100 100 100 100 100 
100 100 100 100 100 
100 100 100 100 100 
100 100 100 100 100 
100 100 100 100 100 
100 100 100 100 100 
100 100 100 100 100 
100 100 100 100 100 
100 100 100 100 100 
100 100 100 100 100 
100 100 100 100 100 
100 100 100 100 100 
100 100 100 100 100 
100 100 100 100 100 
100 100 100 100 100 
100 100 100 100 100 
100 100 100 100 100 
100 100 100 100 100 
100 100 100 100 100 
100 100 100 100 100 
100 100 100 100 100 
100 100 100 100 100 
100 100 100 100 100 
100 100 100 100 100 
71 72 71 67 71 
79 75 73 78 80 
82 77 77 84 82 
100 100 100 100 100 
85 81 88 88 84 
100 100 100 100 100 
100 100 100 100 100 
100 100 100 100 100 
100 100 100 100 100 
100 100 100 100 100 
100 100 100 100 100 
100 100 100 100 100 
100 100 100 100 100 
100 100 100 100 100 
100 100 100 100 100 
100 100 100 100 100 
100 100 100 100 100 
100 100 100 100 100 
100 100 100 100 100 
100 100 100 100 100 
100 100 100 100 100 
100 100 100 100 100 
100 100 100 100 100 
100 100 100 100 100 
100 100 100 100 100 
100 100 100 100 100 
100 100 100 100 100 
100 100 100 100 100 
100 100 100 100 100 
100 100 100 100 100 
74 71 70 77 76 
72 69 62 64 64 
55 55 57 57 59 
70 77 72 66 76 
46 46 52 51 50 
100 100 100 100 100 
100 100 100 100 100 
100 100 100 100 100 
100 100 100 100 100 
100 100 100 100 100 
100 100 100 100 100 
100 100 100 100 100 
100 100 100 100 100 
96 100 93 96 96 
80 89 93 96 100 
92 92 96 96 100 
100 100 100 100 100 
92 100 100 85 88 
100 100 100 86 100 
47 48 50 48 50 
100 100 100 100 100 
100 100 100 100 100 
100 100 100 100 100 
100 100 100 100 100 
100 100 100 100 100 
100 100 100 100 100 
100 100 100 100 100 
100 100 100 100 100 
100 100 100 100 100 
100 100 96 100 100 
