0 0 0 0 0 
13 13 14 14 13 
41 47 50 49 44 
100 100 100 100 100 
88 87 92 82 92 
100 100 100 100 100 
100 100 100 100 100 
100 100 100 100 100 
100 100 100 100 100 
100 100 100 100 100 
100 100 100 100 100 
100 100 100 100 100 
100 100 100 100 100 
100 100 100 100 100 
100 100 100 100 100 
100 100 100 100 100 
100 100 100 100 100 
100 100 100 100 100 
100 100 100 100 100 
100 100 100 100 100 
100 100 100 100 100 
100 100 100 100 100 
100 100 100 100 100 
100 100 100 100 100 
100 100 100 100 100 
100 100 100 100 100 
100 100 100 100 100 
100 100 100 100 100 
100 100 100 100 100 
100 100 100 100 100 
0 0 0 0 0 
0 0 0 0 0 
0 0 0 0 0 
58 57 61 57 58 
0 0 0 0 0 
100 100 100 100 100 
100 100 100 100 100 
100 100 100 100 100 
100 100 100 96 100 
96 100 100 100 100 
100 100 100 100 100 
100 100 100 100 100 
85 81 69 82 80 
100 100 100 100 100 
96 96 96 96 96 
100 100 100 100 100 
100 100 100 100 100 
100 100 100 100 100 
100 100 100 100 100 
96 81 100 100 100 
100 100 100 100 100 
100 100 100 100 100 
100 100 100 100 100 
100 100 100 100 100 
100 100 100 100 100 
100 100 100 100 100 
100 100 100 100 100 
100 100 100 100 100 
100 100 100 100 100 
100 100 100 100 100 
0 0 0 0 0 
0 0 0 0 0 
0 0 0 0 0 
5 6 10 10 7 
0 0 0 0 0 
100 100 100 100 100 
100 100 100 100 100 
100 100 100 100 100 
100 100 100 100 100 
96 100 100 100 100 
100 100 100 100 100 
99 100 100 99 100 
91 99 100 97 100 
96 83 89 96 92 
55 68 64 61 63 
75 73 72 73 72 
96 97 96 95 96 
87 91 83 83 83 
99 99 100 93 96 
3 2 3 3 3 
100 100 100 100 100 
100 100 100 100 100 
100 100 100 100 100 
100 100 100 100 100 
100 100 100 100 100 
100 100 100 100 100 
100 100 100 100 100 
100 100 100 100 100 
100 100 100 100 100 
25 25 25 25 27 
