1 0 0 1 1 
0 0 0 0 0 
16 17 16 17 17 
84 88 88 88 88 
77 79 78 74 76 
100 100 100 100 100 
100 100 100 100 100 
100 100 100 100 100 
100 100 100 100 100 
70 70 66 73 69 
100 100 100 100 100 
100 100 100 100 100 
100 100 100 100 100 
100 100 100 100 100 
100 100 100 100 100 
100 100 100 100 100 
100 100 100 100 100 
100 100 100 100 100 
100 100 100 100 100 
100 100 100 100 100 
100 100 100 100 100 
100 100 100 100 100 
100 100 100 100 100 
100 100 100 100 100 
100 100 100 100 100 
100 100 100 100 100 
100 100 100 100 100 
100 100 100 100 100 
100 100 100 100 100 
100 100 100 100 100 
0 0 0 0 0 
0 0 0 0 0 
0 0 0 0 0 
46 47 43 48 47 
1 0 0 0 0 
100 100 100 100 100 
100 100 100 100 100 
100 100 100 100 100 
100 100 100 96 100 
82 80 68 80 84 
100 100 100 100 100 
84 84 97 99 80 
76 83 68 68 68 
95 100 100 100 100 
68 58 55 69 65 
100 100 100 100 100 
100 100 100 100 100 
100 100 100 100 100 
100 100 100 100 100 
66 67 69 67 69 
100 100 100 100 100 
100 100 100 100 100 
100 100 100 100 100 
100 100 100 100 100 
100 100 100 100 100 
100 100 100 100 100 
100 100 100 100 100 
100 100 100 100 100 
100 100 100 100 100 
100 100 100 100 100 
5 0 0 0 2 
0 0 0 0 0 
0 0 0 0 0 
0 0 0 0 0 
0 0 0 0 0 
100 100 100 100 100 
100 100 100 100 100 
100 100 100 100 100 
100 100 100 100 100 
85 84 88 88 88 
100 100 100 100 100 
99 97 97 96 100 
62 85 85 87 80 
84 74 79 87 82 
18 26 18 19 16 
61 62 62 60 62 
92 93 91 94 91 
67 81 72 67 84 
86 87 82 76 87 
0 0 0 0 17 
88 88 92 92 85 
100 100 100 100 100 
100 100 100 100 100 
100 100 100 100 100 
84 85 85 84 72 
100 100 100 100 100 
100 100 100 100 100 
80 100 100 84 100 
95 99 99 89 100 
0 0 0 0 0 
