0 0 0 0 0 
0 0 0 0 0 
21 21 20 20 19 
84 88 88 88 88 
77 79 78 77 80 
100 100 100 100 100 
100 100 100 100 100 
100 100 100 100 100 
100 100 100 100 100 
70 70 66 73 69 
100 100 100 100 100 
100 100 100 100 100 
100 100 100 100 100 
100 100 100 100 100 
100 100 100 100 100 
100 100 100 100 100 
100 100 100 100 100 
100 100 100 100 100 
100 100 100 100 100 
100 100 100 100 100 
100 100 100 100 100 
100 100 100 100 100 
100 100 100 100 100 
100 100 100 100 100 
100 100 100 100 100 
100 100 100 100 100 
100 100 100 100 100 
100 100 100 100 100 
100 100 100 100 100 
100 100 100 100 100 
1 0 0 0 0 
0 0 0 0 0 
0 0 0 0 0 
58 57 58 57 58 
0 0 0 0 0 
100 100 100 100 100 
100 100 100 100 100 
100 100 100 100 100 
100 100 100 96 100 
86 84 84 84 88 
100 100 100 100 100 
84 84 97 99 80 
76 83 68 68 64 
95 100 100 100 100 
71 58 72 72 65 
100 100 100 100 100 
100 100 100 100 100 
100 100 100 100 100 
100 100 100 100 100 
80 81 80 80 80 
100 100 100 100 100 
100 100 100 100 100 
100 100 100 100 100 
100 100 100 100 100 
100 100 100 100 100 
100 100 100 100 100 
100 100 100 100 100 
100 100 100 100 100 
100 100 100 100 100 
100 100 100 100 100 
0 0 0 0 0 
0 0 0 0 0 
0 0 0 0 0 
0 0 0 0 0 
0 0 0 0 0 
100 100 100 100 100 
100 100 100 100 100 
100 100 100 100 100 
100 100 100 100 100 
85 88 88 92 92 
100 100 100 100 100 
99 97 97 96 100 
62 85 85 87 80 
83 89 77 87 80 
18 21 18 19 21 
70 62 65 62 64 
92 93 92 93 92 
84 79 85 83 84 
80 87 89 95 87 
0 0 0 0 0 
100 100 100 100 100 
100 100 100 100 100 
100 100 100 100 100 
100 100 100 100 100 
84 85 85 84 72 
100 100 100 100 100 
100 100 100 100 100 
80 100 100 100 100 
92 99 99 100 100 
0 0 0 0 0 
