-3.49 -3.48 -3.61 -3.52 -3.56 
-1.33 -1.5 -1.33 -1.34 -1.24 
-0.2 -0.36 -0.2 0 0 
0 0 0 0 0 
-0.2 -0.2 -0.2 -0.36 -0.2 
0 0 0 0 0 
0 0 0 0 0 
0 0 0 0 0 
0 0 0 0 0 
0 0 0 0 0 
0 0 0 0 0 
0 0 0 0 0 
0 0 0 0 0 
0 0 0 0 0 
0 0 0 0 0 
0 0 0 0 0 
0 0 0 0 0 
0 0 0 0 0 
0 0 0 0 0 
0 0 0 0 0 
0 0 0 0 0 
0 0 0 0 0 
0 0 0 0 0 
0 0 0 0 0 
0 0 0 0 0 
0 0 0 0 0 
0 0 0 0 0 
0 0 0 0 0 
0 0 0 0 0 
0 0 0 0 0 
-2.4 -2.39 -2.13 -2.35 -2.37 
-2.24 -2.4 -2.26 -2.23 -2.22 
-1.86 -1.85 -1.78 -1.9 -1.72 
-0.39 -0.39 -0.52 -0.2 -0.2 
-0.82 -0.89 -0.93 -0.57 -0.75 
0 0 0 0 0 
0 0 0 0 0 
0 0 0 0 0 
0 0 0 0 0 
-0.36 -0.2 -0.23 -0.2 -0.2 
0 0 0 0 0 
0 0 0 0 0 
0.0 -0.39 0 0 0 
0 0 0 0 0 
0 0 0 0 0 
0 0 0 0 0 
0 0 0 0 0 
0 0 0 0 0 
0 0 0 0 0 
-0.36 -0.39 -0.49 -0.36 -0.49 
0 0 0 0 0 
0 0 0 0 0 
0 0 0 0 0 
0 0 0 0 0 
0 0 0 0 0 
0 0 0 0 0 
0 0 0 0 0 
0 0 0 0 0 
0 0 0 0 0 
0 0 0 0 0 
-3.18 -3.23 -3.21 -3.26 -3.06 
-3.19 -3.27 -3.27 -3.19 -3.21 
-3.2 -3.32 -3.23 -3.4 -3.21 
-2.07 -2.3 -2.09 -2.1 -1.88 
-3.7 -3.76 -3.75 -3.63 -3.73 
0 0 0 0 0 
0 0 0 0 0 
0 0 0 0 0 
0 0 0 0 0 
0 0 0 0 0 
-0.2 -0.54 -0.39 -0.39 -0.2 
-0.06 0.0 0.0 0.0 0.0 
0.0 0.0 0.0 0.0 0 
-0.02 -0.44 0.0 0.0 0.0 
-0.86 -1.14 -1.16 -1.19 -1.72 
-0.39 -0.39 -0.2 -0.2 -0.2 
0.0 0.0 0.0 0.0 0.0 
-0.65 -0.27 -0.2 -0.65 -0.02 
-0.02 -0.11 0.0 -0.25 0.0 
-3.04 -2.92 -2.95 -2.97 -3.05 
0 0 0 0 0 
0.0 0.0 0.0 0.0 0.0 
0 0 0 0 0 
0 0 0 0 0 
-0.2 -0.36 0 -0.36 0 
0 0 0 0 0 
0.0 0 0 0 0 
0.0 -0.16 0.0 0.0 0.0 
0.0 -0.23 0.0 0.0 0.0 
-2.31 -2.15 -2.33 -2.15 -1.62 
