-2.62 -2.8 -2.57 -2.66 -2.8 
-1.18 -1.3 -1.02 -0.89 -0.57 
-0.2 -0.36 -0.2 0 0 
0 0 0 0 0 
-0.2 -0.2 -0.2 -0.36 -0.2 
0 0 0 0 0 
0 0 0 0 0 
0 0 0 0 0 
0 0 0 0 0 
0 0 0 0 0 
0 0 0 0 0 
0 0 0 0 0 
0 0 0 0 0 
0 0 0 0 0 
0 0 0 0 0 
0 0 0 0 0 
0 0 0 0 0 
0 0 0 0 0 
0 0 0 0 0 
0 0 0 0 0 
0 0 0 0 0 
0 0 0 0 0 
0 0 0 0 0 
0 0 0 0 0 
0 0 0 0 0 
0 0 0 0 0 
0 0 0 0 0 
0 0 0 0 0 
0 0 0 0 0 
0 0 0 0 0 
-0.87 -1.33 -1.26 -1.17 -0.84 
-1.68 -1.58 -1.66 -1.62 -1.6 
-0.71 -0.97 -0.79 -0.39 -0.7 
-0.39 -0.39 -0.52 -0.2 -0.2 
-0.82 -0.75 -0.57 -0.57 -0.57 
0 0 0 0 0 
0 0 0 0 0 
0 0 0 0 0 
0 0 0 0 0 
-0.36 -0.2 -0.23 -0.2 -0.2 
0 0 0 0 0 
0 0 0 0 0 
0 0 0 0 0 
0 0 0 0 0 
0 0 0 0 0 
0 0 0 0 0 
0 0 0 0 0 
0 0 0 0 0 
0 0 0 0 0 
-0.36 -0.39 -0.49 -0.36 -0.49 
0 0 0 0 0 
0 0 0 0 0 
0 0 0 0 0 
0 0 0 0 0 
0 0 0 0 0 
0 0 0 0 0 
0 0 0 0 0 
0 0 0 0 0 
0 0 0 0 0 
0 0 0 0 0 
-2.96 -2.65 -2.85 -2.97 -3.01 
-1.89 -1.89 -1.8 -1.82 -1.53 
-2.03 -1.8 -2.04 -1.86 -1.86 
-1.05 -1.04 -1.07 -1.22 -1.23 
-2.06 -2.07 -2.07 -2.22 -2.3 
0 0 0 0 0 
0 0 0 0 0 
0 0 0 0 0 
0 0 0 0 0 
0 0 0 0 0 
-0.2 -0.54 -0.39 -0.39 -0.2 
-0.18 0.0 0.0 0 0.0 
0 0 0 0 0 
-0.1 0.0 0.0 0.0 0.0 
-0.91 -1.0 -0.86 -1.19 -1.21 
-0.2 -0.2 0 -0.2 -0.2 
0.0 0.0 0.0 0.0 0.0 
0.0 0.0 0.0 0.0 -0.15 
-0.05 -0.29 0.0 0.0 0.0 
-1.92 -1.71 -1.88 -1.82 -1.82 
0 0 0 0 0 
0 0 0 0 0 
0 0 0 0 0 
0 0 0 0 0 
-0.2 -0.36 0 -0.36 0 
0 0 0 0 0 
0 0 0 0 0 
0.0 -0.2 0 0 0 
0.0 -0.29 0.0 0.0 0.0 
-2.26 -2.15 -2.2 -2.15 -1.9 
