-4.08 -4.14 -4.06 -4.06 -4.15 
-1.76 -1.88 -1.93 -1.76 -1.87 
-0.39 -0.36 -0.58 -0.39 -0.2 
0 0 0 0 0 
-0.2 -0.2 -0.2 -0.36 -0.2 
0 0 0 0 0 
0 0 0 0 0 
0 0 0 0 0 
0 0 0 0 0 
0 0 0 0 0 
0 0 0 0 0 
0 0 0 0 0 
0 0 0 0 0 
0 0 0 0 0 
0 0 0 0 0 
0 0 0 0 0 
0 0 0 0 0 
0 0 0 0 0 
0 0 0 0 0 
0 0 0 0 0 
0 0 0 0 0 
0 0 0 0 0 
0 0 0 0 0 
0 0 0 0 0 
0 0 0 0 0 
0 0 0 0 0 
0 0 0 0 0 
0 0 0 0 0 
0 0 0 0 0 
0 0 0 0 0 
-2.69 -2.73 -2.68 -2.65 -2.65 
-2.92 -3.04 -3.06 -2.96 -2.97 
-2.42 -2.77 -2.69 -2.66 -2.73 
-0.84 -0.54 -0.68 -0.39 -0.63 
-2.28 -2.3 -2.44 -2.34 -2.58 
0 0 0 0 0 
0 0 0 0 0 
0 0 0 0 0 
0 0 0 0 0 
-0.36 -0.2 -0.23 -0.2 -0.2 
0 0 0 0 0 
0 0 0 0 0 
0.0 -0.39 0 0 0.0 
0 0 0 0 0 
-0.2 0 0 -0.36 0 
0 0 0 0 0 
0 0 0 0 0 
0 0 0 0 0 
0 0 0 0 0 
-0.73 -0.74 -0.82 -0.55 -0.82 
0 0 0 0 0 
0 0 0 0 0 
0 0 0 0 0 
0 0 0 0 0 
0 0 0 0 0 
0 0 0 0 0 
0 0 0 0 0 
0 0 0 0 0 
0 0 0 0 0 
0 0 0 0 0 
-3.32 -3.38 -3.44 -3.26 -3.38 
-3.46 -3.51 -3.46 -3.4 -3.64 
-3.73 -3.72 -3.8 -3.73 -3.69 
-2.43 -2.49 -2.89 -2.43 -2.45 
-4.0 -3.99 -4.02 -4.07 -3.97 
0 0 0 0 0 
0 0 0 0 0 
0 0 0 0 0 
0 0 0 0 0 
0 0 0 0 0 
-0.2 -0.54 -0.39 -0.39 -0.2 
-0.04 0.0 0.0 0.0 0.0 
-0.02 0.0 0.0 0.0 0.0 
-0.02 -0.61 -0.22 0.0 -0.18 
-1.62 -1.74 -2.19 -1.58 -1.93 
-0.54 -0.76 -0.31 -0.2 -0.2 
-0.02 0.0 -0.02 0.0 0.0 
-0.19 -0.17 -0.68 -0.15 -0.17 
-0.02 -0.11 -0.63 -0.16 0.0 
-3.68 -3.6 -3.62 -3.63 -3.48 
0 0 0 0 0 
0.0 0.0 0.0 0.0 0.0 
0 0 0 0 0 
0.0 0.0 0 0.0 0.0 
-0.36 -0.36 0 -0.36 0 
0 0 0 0 0 
0.0 0 0 0 0 
0.0 -0.16 0.0 0.0 0.0 
0.0 -0.07 -0.24 -0.72 0.0 
-4.18 -4.08 -4.23 -4.23 -4.18 
