7.26 7.32 7.32 
1.04 2.15 1.05 
14.47 14.02 13.39 
100 100 100 
100 100 100 
10.11 24.9 7.34 
92.8 92.8 100 
0.63 0.65 0.62 
33.79 31.05 27.54 
100 100 100 
79.75 81.53 73.13 
2.1 2.16 2.14 
100 100 100 
100 100 100 
100 100 100 
100 100 100 
100 100 100 
12.79 12.88 12.53 
3.71 4.91 3.44 
0.57 2.7 0.59 
100 100 100 
100 100 100 
100 100 100 
96.0 96.0 84.15 
54.24 63.39 52.79 
99.88 88.42 93.4 
45.24 46.26 45.08 
100 100 100 
99.88 94.5 99.48 
11.76 3.06 1.89 
96.0 100 100 
99.98 99.99 99.98 
100 100 100 
100 100 100 
99.97 80.05 87.2 
0.12 0.12 0.12 
1.45 0.84 0.82 
3.08 1.63 22.52 
57.74 56.99 53.69 
100 100 100 
100 100 100 
67.06 77.48 79.38 
4.23 3.45 2.74 
99.88 99.81 99.76 
48.79 55.99 48.44 
64.47 59.28 60.32 
99.83 99.85 99.88 
7.26 12.55 8.3 
18.7 19.08 35.33 
99.88 99.88 97.81 
100 100 100 
28.71 29.06 29.35 
99.86 94.4 99.88 
6.53 2.25 1.44 
