6.9 7.15 6.82 
3.39 3.35 4.17 
92.16 96.0 92.8 
100 100 100 
100 100 100 
54.51 54.47 55.12 
92.8 92.8 100 
23.69 23.86 22.69 
61.3 75.14 77.21 
100 100 100 
83.07 88.47 92.16 
23.93 32.04 24.35 
100 100 100 
100 100 100 
100 100 100 
100 100 100 
100 100 100 
100 100 100 
8.49 5.08 5.2 
3.73 3.85 3.63 
100 100 100 
100 100 100 
100 100 100 
100 100 100 
69.28 66.53 67.07 
98.25 83.84 95.69 
83.36 85.53 86.3 
100 100 100 
99.85 99.92 99.88 
4.43 4.08 4.41 
100 100 100 
100 100.0 100 
100 100 100 
100 100 100 
100.0 100 100 
15.74 13.94 14.08 
4.1 3.87 4.02 
12.11 11.74 11.93 
73.4 75.66 55.57 
100 100 100 
100 100 100 
79.11 90.78 89.73 
52.91 54.6 50.12 
99.92 99.92 99.92 
72.23 74.61 67.61 
83.15 91.36 87.26 
99.92 99.92 99.93 
5.26 5.16 5.33 
96.0 96.0 96.0 
99.92 99.92 99.92 
100 100 100 
78.58 83.05 88.47 
95.81 95.88 99.92 
0.12 0.12 0.12 
