16.92 16.83 17.47 
22.73 23.22 22.33 
100 100 96.0 
100 100 100 
100 100 100 
81.8 77.76 82.91 
92.8 92.8 100 
45.17 47.69 48.57 
81.78 88.47 87.27 
100 100 100 
83.07 88.47 92.16 
49.74 47.76 52.65 
100 100 100 
100 100 100 
100 100 100 
100 100 100 
100 100 100 
100 100 100 
10.09 13.58 10.14 
19.87 18.46 18.96 
100 100 100 
100 100 100 
100 100 100 
100 100 100 
69.28 66.53 67.07 
99.96 99.98 95.92 
90.11 89.09 92.16 
100 100 100 
94.94 100.0 96.0 
18.97 18.57 18.92 
100 100 100 
100 100 100 
100 100 100 
100 100 100 
100 100 100 
20.36 22.21 21.84 
10.56 10.25 9.84 
31.22 38.01 38.02 
82.58 78.81 84.93 
100 100 100 
100 100 100 
79.11 90.78 89.73 
59.61 54.6 60.74 
99.96 99.98 99.98 
82.49 81.04 68.52 
92.16 92.93 94.24 
85.68 95.62 80.04 
10.92 14.99 24.64 
96.0 96.0 96.0 
99.98 100.0 100.0 
100 100 100 
78.58 83.05 88.47 
99.71 99.98 100.0 
0.36 0.36 0.37 
