7.7 7.19 7.57 
1.38 2.73 0.54 
12.37 7.29 8.75 
100 100 100 
100 100 100 
3.59 3.72 3.7 
83.16 82.11 80.47 
1.04 0.47 0.48 
12.61 13.52 15.48 
100 100 100 
65.03 66.47 60.54 
8.71 5.37 1.7 
100 100 100 
100 100 100 
100 100 100 
100 100 100 
100 100 100 
4.42 4.31 4.49 
1.39 1.04 3.35 
1.03 0.65 3.22 
69.24 70.13 72.13 
100 100 100 
100 100 100 
75.05 81.53 69.04 
33.29 34.36 34.4 
83.83 78.82 80.94 
30.13 54.27 30.25 
100 100 100 
98.35 98.92 99.89 
1.48 1.54 0.38 
96.0 100 100 
99.75 99.92 99.95 
100 100 100 
100 100 100 
83.56 86.24 97.22 
2.76 0.12 0.12 
0.81 1.38 0.59 
1.65 1.25 3.7 
42.12 64.98 42.04 
100 100 100 
100 100 100 
61.8 52.83 62.39 
23.42 4.29 4.25 
99.89 99.79 99.85 
28.0 28.09 53.19 
56.79 55.13 70.13 
99.09 97.57 99.89 
1.04 1.03 1.03 
5.62 5.79 5.65 
99.89 99.88 99.89 
100 100 100 
20.7 21.07 21.17 
79.93 87.17 99.89 
0.88 0.12 0.12 
