4.44 4.39 4.41 
1.73 1.75 1.18 
6.98 7.0 6.84 
100 100 100 
100 100 100 
3.31 3.29 3.41 
83.16 82.11 80.47 
0.81 0.47 0.59 
12.61 13.52 15.48 
100 100 100 
65.03 66.47 60.54 
6.87 5.53 1.7 
100 100 100 
100 100 100 
100 100 100 
100 100 100 
100 100 100 
4.42 4.31 4.49 
1.39 1.04 3.35 
1.03 0.65 1.89 
66.93 67.32 69.24 
100 100 100 
100 100 100 
73.08 81.53 69.04 
33.29 34.36 34.4 
99.88 91.01 87.67 
30.13 57.77 30.25 
100 100 100 
99.76 82.76 98.81 
7.27 1.41 2.12 
96.0 100 100 
99.75 99.92 99.95 
100 100 100 
100 100 100 
83.56 86.24 97.22 
2.54 0.5 0.12 
0.76 15.12 2.71 
1.09 20.88 1.11 
43.13 58.98 42.04 
100 100 100 
100 100 100 
59.33 52.83 48.51 
13.23 4.29 4.25 
99.89 94.53 93.17 
28.0 28.09 43.37 
56.79 55.13 65.33 
99.58 99.88 91.79 
23.39 1.42 1.44 
13.55 8.1 5.2 
99.88 99.74 99.82 
100 100 100 
20.7 21.07 20.32 
93.68 92.77 99.88 
20.03 0.12 0.12 
