7.29 9.05 8.93 
5.84 1.52 1.55 
25.87 7.29 7.26 
100 100 100 
100 100 100 
5.3 5.35 5.52 
92.8 92.8 100 
1.78 0.56 0.88 
27.54 28.62 23.95 
100 100 100 
79.75 81.53 73.13 
8.83 1.52 1.7 
100 100 100 
100 100 100 
100 100 100 
100 100 100 
100 100 100 
4.6 4.49 4.49 
1.38 1.38 1.41 
2.27 0.84 0.67 
96.0 100 100 
100 100 100 
100 100 100 
75.05 88.47 84.15 
54.24 63.39 52.79 
79.39 77.86 94.5 
37.03 37.86 36.52 
100 100 100 
99.5 97.68 99.91 
1.63 0.45 0.83 
96.0 100 100 
99.98 99.99 99.98 
100 100 100 
100 100 100 
80.0 80.05 89.76 
0.12 0.12 0.12 
3.44 0.84 0.82 
7.18 6.9 7.16 
43.88 49.2 49.48 
100 100 100 
100 100 100 
67.06 74.38 76.32 
3.74 3.45 2.84 
99.91 98.92 99.68 
37.27 35.89 36.96 
59.41 57.49 67.5 
84.46 98.95 84.32 
1.45 0.48 1.45 
18.7 19.08 35.33 
99.9 99.92 99.92 
100 100 100 
28.71 29.06 29.35 
98.57 83.96 99.92 
0.17 0.17 0.61 
