20.91 18.87 15.2 
3.49 7.87 2.17 
43.95 36.37 44.43 
100 100 100 
100 100 100 
25.68 25.56 24.7 
92.8 92.8 100 
8.97 26.67 9.48 
55.41 47.32 55.7 
100 100 100 
83.07 81.53 73.13 
25.47 14.07 13.6 
100 100 100 
100 100 100 
100 100 100 
100 100 100 
100 100 100 
55.18 57.29 56.63 
4.77 4.62 4.72 
3.41 2.32 2.39 
100 100 100 
100 100 100 
100 100 100 
100 100 100 
63.85 63.87 64.39 
96.21 82.71 78.86 
71.21 66.93 70.34 
100 100 100 
99.92 99.92 99.92 
9.78 3.84 6.7 
96.0 100 100 
100 100.0 100 
100 100 100 
100 100 100 
99.97 99.98 100.0 
0.16 0.18 0.17 
2.54 7.21 3.5 
5.19 4.29 4.49 
73.4 75.66 55.57 
100 100 100 
100 100 100 
79.11 87.15 89.73 
49.21 43.24 43.87 
99.9 99.9 99.9 
52.94 54.56 57.75 
79.99 77.6 77.71 
86.71 81.39 99.81 
5.32 6.46 7.54 
47.37 46.4 46.13 
99.9 99.9 99.9 
100 100 100 
68.58 68.17 68.93 
96.32 99.88 97.25 
0.12 0.12 0.12 
