18.18 15.27 21.43 
32.32 30.56 29.8 
100 100 96.0 
100 100 100 
100 100 100 
81.8 77.76 82.91 
100 100 100 
64.25 65.68 62.05 
89.09 96.0 87.27 
100 100 100 
100 100 100 
55.81 54.68 55.94 
100 100 100 
100 100 100 
100 100 100 
100 100 100 
100 100 100 
100 100 100 
14.01 13.07 16.56 
30.93 26.99 30.86 
100 100 100 
100 100 100 
100 100 100 
100 100 100 
69.28 69.3 67.07 
100.0 99.98 100.0 
90.11 96.0 96.0 
100 100 100 
87.65 100.0 100.0 
28.04 28.92 26.5 
100 100 100 
100 100 100 
100 100 100 
100 100 100 
100 100 100 
20.36 22.21 21.84 
11.84 11.58 11.66 
36.79 40.82 44.76 
86.02 88.47 88.47 
100 100 100 
100 100 100 
92.16 90.78 89.73 
59.61 54.6 60.74 
93.93 99.98 99.98 
82.49 81.04 68.52 
92.16 92.93 94.24 
99.96 100.0 99.98 
20.47 20.97 19.69 
96.0 96.0 96.0 
99.98 100.0 100.0 
100 100 100 
78.58 83.05 88.47 
98.93 99.98 100.0 
2.14 2.09 2.21 
