7.87 7.57 7.86 
13.38 4.08 6.44 
17.74 17.98 17.28 
100 100 100 
100 100 100 
14.5 14.37 14.11 
92.8 92.8 100 
3.68 7.58 3.74 
41.45 46.72 45.42 
100 100 100 
83.07 81.53 73.13 
10.4 10.67 10.71 
100 100 100 
100 100 100 
100 100 100 
100 100 100 
100 100 100 
12.79 12.88 12.53 
1.98 1.95 4.57 
1.16 1.17 1.3 
100 100 100 
100 100 100 
100 100 100 
96.0 100 100 
63.85 63.87 64.39 
87.72 81.02 99.91 
56.89 56.53 63.03 
100 100 100 
98.61 96.28 99.92 
0.64 2.51 0.65 
96.0 100 100 
99.99 99.99 100.0 
100 100 100 
100 100 100 
99.97 99.98 84.01 
0.12 0.12 0.12 
5.41 2.15 0.61 
3.48 3.55 2.0 
62.66 61.68 55.57 
100 100 100 
100 100 100 
67.06 83.66 86.14 
26.77 42.21 26.41 
99.89 93.57 95.77 
48.79 60.26 48.44 
69.14 68.66 66.45 
93.01 89.36 99.9 
4.2 4.17 4.28 
30.62 29.62 29.47 
99.92 99.92 99.92 
100 100 100 
60.68 58.0 58.54 
80.36 99.87 99.89 
0.26 0.27 0.27 
