10.12 4.09 5.87 
1.0 1.99 1.42 
15.7 13.86 23.81 
100 100 100 
100 100 100 
11.68 14.37 14.11 
92.8 92.8 100 
2.03 2.02 2.06 
39.79 39.69 38.58 
100 100 100 
83.07 81.53 73.13 
13.78 8.02 7.86 
100 100 100 
100 100 100 
100 100 100 
100 100 100 
100 100 100 
12.79 12.88 12.53 
2.79 2.29 3.48 
4.14 0.4 0.41 
100 100 100 
100 100 100 
100 100 100 
96.0 100 100 
61.3 61.32 59.34 
98.75 83.68 83.3 
63.68 54.27 48.48 
100 100 100 
99.38 98.74 99.92 
0.33 0.33 0.35 
96.0 100 100 
99.98 99.99 99.98 
100 100 100 
100 100 100 
99.97 99.98 87.2 
0.12 0.12 0.12 
1.47 1.49 1.39 
1.09 1.22 19.29 
62.66 61.68 55.57 
100 100 100 
100 100 100 
67.06 77.48 82.69 
16.38 2.38 2.43 
99.22 98.98 82.96 
48.79 60.26 48.44 
63.72 69.79 63.79 
99.81 99.6 99.88 
3.7 8.89 5.38 
18.02 17.94 40.69 
86.56 99.92 86.76 
100 100 100 
33.81 34.21 33.17 
98.99 98.88 99.88 
1.82 2.2 12.22 
