2.86 4.37 6.59 
9.23 2.17 6.35 
22.67 23.79 21.19 
100 100 100 
100 100 100 
17.78 17.63 18.02 
92.8 92.8 100 
5.74 5.67 5.55 
51.06 46.72 51.33 
100 100 100 
83.07 81.53 73.13 
12.09 13.07 12.1 
100 100 100 
100 100 100 
100 100 100 
100 100 100 
100 100 100 
20.86 21.9 18.65 
3.23 3.22 3.24 
1.63 1.68 1.58 
100 100 100 
100 100 100 
100 100 100 
96.0 100 100 
63.85 63.87 64.39 
99.92 99.5 99.89 
56.89 56.53 68.4 
100 100 100 
97.87 91.02 99.92 
8.82 3.5 3.44 
96.0 100 100 
99.99 99.99 100 
100 100 100 
100 100 100 
99.97 99.98 84.01 
0.2 0.21 0.21 
1.86 2.15 2.14 
20.65 1.34 1.37 
62.66 61.68 55.57 
100 100 100 
100 100 100 
67.06 83.66 86.14 
42.82 41.28 42.97 
98.65 99.92 99.92 
48.79 60.26 48.44 
69.14 71.52 69.22 
86.98 83.42 92.76 
7.1 4.69 4.59 
30.62 29.62 29.47 
99.92 99.92 99.92 
100 100 100 
60.68 58.0 58.54 
99.88 99.72 99.93 
6.18 4.74 26.8 
