8.73 6.34 5.22 
5.45 1.78 1.52 
28.35 7.29 8.75 
100 100 100 
100 100 100 
4.69 14.31 4.69 
86.63 85.53 83.82 
0.94 0.64 0.64 
24.53 20.52 23.25 
100 100 100 
79.75 81.53 73.13 
12.75 1.52 1.7 
100 100 100 
100 100 100 
100 100 100 
100 100 100 
100 100 100 
4.6 4.49 4.49 
2.3 1.89 4.9 
0.81 0.81 0.82 
69.24 70.13 72.13 
100 100 100 
100 100 100 
75.05 88.47 84.15 
36.12 35.79 38.88 
86.09 87.73 99.28 
35.55 41.67 36.52 
100 100 100 
89.67 91.18 99.73 
22.67 1.51 2.54 
96.0 100 100 
99.98 99.91 99.98 
100 100 100 
100 100 100 
80.0 80.05 92.06 
7.97 0.12 0.12 
1.58 1.67 21.33 
2.26 2.42 21.99 
42.12 56.25 42.04 
100 100 100 
100 100 100 
64.38 63.17 64.99 
2.2 2.2 2.23 
99.88 97.13 97.04 
32.98 33.07 32.7 
72.44 57.49 58.42 
91.52 94.72 99.48 
3.11 3.11 22.38 
18.7 19.08 25.75 
99.44 99.88 94.73 
100 100 100 
28.71 29.06 29.35 
84.52 78.3 99.74 
1.44 1.14 2.97 
