33.08 13.02 10.82 
1.6 3.24 1.92 
17.15 7.29 8.75 
100 100 100 
100 100 100 
5.78 12.15 4.69 
86.63 85.53 83.82 
0.5 0.64 1.49 
22.61 20.52 23.25 
100 100 100 
65.03 66.47 60.54 
16.79 5.37 1.7 
100 100 100 
100 100 100 
100 100 100 
100 100 100 
100 100 100 
4.42 4.49 4.49 
1.69 1.66 1.67 
2.23 1.21 1.06 
69.24 70.13 72.13 
100 100 100 
100 100 100 
75.05 88.47 84.15 
36.12 35.79 37.32 
99.9 99.68 99.39 
35.55 36.86 36.52 
100 100 100 
97.28 95.42 99.89 
18.95 4.58 5.47 
96.0 100 100 
99.71 99.92 99.98 
100 100 100 
100 100 100 
80.0 86.24 94.8 
14.17 0.12 0.12 
0.8 0.83 0.82 
4.0 3.47 3.99 
42.12 56.25 42.04 
100 100 100 
100 100 100 
61.8 52.83 62.39 
5.95 5.05 4.8 
97.29 84.62 99.9 
28.0 28.09 53.1 
64.2 56.59 58.33 
98.59 99.88 99.9 
2.91 3.01 2.94 
5.85 5.79 5.65 
98.83 99.9 97.22 
100 100 100 
20.7 21.07 21.17 
99.8 99.01 99.9 
2.83 2.68 2.66 
