9.06 9.1 9.42 
6.17 5.34 2.72 
43.95 36.37 44.43 
100 100 100 
100 100 100 
24.65 25.56 24.7 
92.8 92.8 100 
8.97 15.7 9.48 
53.19 46.72 51.33 
100 100 100 
83.07 81.53 73.13 
20.55 16.18 13.6 
100 100 100 
100 100 100 
100 100 100 
100 100 100 
100 100 100 
55.18 57.29 56.63 
4.13 3.13 4.17 
2.19 2.28 2.23 
100 100 100 
100 100 100 
100 100 100 
100 100 100 
63.85 63.87 64.39 
99.73 90.83 82.89 
63.0 61.68 62.24 
100 100 100 
99.92 99.92 99.92 
2.74 2.68 2.65 
96.0 100 100 
100 100.0 100 
100 100 100 
100 100 100 
99.97 99.98 99.99 
0.16 0.18 0.17 
2.61 3.22 3.02 
2.57 2.42 2.44 
70.46 72.63 55.57 
100 100 100 
100 100 100 
79.11 87.15 89.73 
49.21 43.24 43.87 
99.79 80.34 93.48 
52.94 54.56 57.75 
76.79 77.6 77.71 
91.46 88.05 99.89 
4.84 4.91 5.0 
47.37 46.4 46.13 
99.86 99.86 99.9 
100 100 100 
68.58 68.17 68.93 
97.52 79.92 99.8 
20.08 0.12 0.12 
