11.21 11.26 11.39 
2.07 2.09 2.01 
64.03 82.67 76.49 
100 100 100 
100 100 100 
31.49 32.58 31.55 
92.8 92.8 100 
12.33 14.67 14.81 
60.12 69.65 68.31 
100 100 100 
83.07 88.47 92.16 
21.1 22.2 21.54 
100 100 100 
100 100 100 
100 100 100 
100 100 100 
100 100 100 
100 100 100 
7.78 4.67 5.41 
2.61 2.66 2.7 
100 100 100 
100 100 100 
100 100 100 
100 100 100 
69.28 66.53 67.07 
99.88 80.77 99.02 
76.83 75.32 79.5 
100 100 100 
99.92 99.92 99.92 
0.79 0.8 0.78 
100 100 100 
100 100.0 100 
100 100 100 
100 100 100 
100.0 100 100 
1.71 1.72 1.63 
2.65 2.65 2.61 
5.01 5.67 5.5 
73.4 75.66 55.57 
100 100 100 
100 100 100 
79.11 90.78 89.73 
47.06 46.38 46.2 
99.9 99.9 99.9 
58.9 58.49 65.13 
79.99 77.6 84.32 
99.9 97.51 99.9 
7.27 6.64 7.2 
65.4 64.25 64.45 
99.9 99.9 99.9 
100 100 100 
78.58 83.05 87.92 
97.79 99.9 99.9 
1.78 1.83 1.8 
