15.11 15.87 13.6 
7.83 7.67 10.38 
92.16 96.0 92.8 
100 100 100 
100 100 100 
81.8 77.76 82.91 
92.8 92.8 100 
39.85 39.0 39.6 
81.78 88.47 87.27 
100 100 100 
83.07 88.47 92.16 
49.74 47.76 52.65 
100 100 100 
100 100 100 
100 100 100 
100 100 100 
100 100 100 
100 100 100 
9.3 4.66 4.94 
4.12 3.76 3.84 
100 100 100 
100 100 100 
100 100 100 
100 100 100 
69.28 66.53 67.07 
94.66 99.81 98.97 
83.36 85.53 86.3 
100 100 100 
99.32 99.92 99.86 
17.96 11.86 10.18 
100 100 100 
100 100.0 100 
100 100 100 
100 100 100 
100.0 100 100 
14.39 14.52 14.67 
4.27 4.19 4.19 
12.11 11.74 11.93 
73.4 75.66 55.57 
100 100 100 
100 100 100 
79.11 90.78 89.73 
52.91 54.6 50.12 
99.9 99.9 99.89 
75.24 74.61 67.61 
88.81 92.93 90.9 
97.84 99.79 99.93 
1.04 1.07 1.07 
96.0 96.0 96.0 
99.92 99.92 99.92 
100 100 100 
78.58 83.05 88.47 
99.55 99.85 99.89 
0.23 0.24 0.24 
