28.39 24.56 27.97 
66.03 76.2 84.93 
100 100 100 
100 100 100 
100 100 100 
100 100 100 
100 100 100 
86.02 81.66 81.71 
100 96.0 100 
100 100 100 
100 100 100 
85.53 88.47 84.09 
100 100 100 
100 100 100 
100 100 100 
100 100 100 
100 100 100 
100 100 100 
72.23 68.06 70.27 
74.1 75.68 75.19 
100 100 100 
100 100 100 
100 100 100 
100 100 100 
100 100 100 
100.0 94.25 100.0 
100 100 100 
100 100 100 
100 100 100 
49.77 45.76 55.5 
100 100 100 
100 100 100 
100 100 100 
100 100 100 
100 100 100 
54.45 56.29 55.67 
49.85 46.46 47.27 
82.03 76.4 83.16 
86.02 92.16 92.16 
100 100 100 
100 100 100 
100 100 100 
100 100 100 
100.0 100.0 99.32 
82.49 87.94 88.82 
100 96.0 96.0 
100.0 100.0 97.48 
26.63 29.24 25.47 
100 100 100 
100.0 100.0 100.0 
100 100 100 
92.8 100 100 
99.78 100.0 100.0 
3.65 3.6 3.31 
