13.34 15.99 14.9 
7.05 6.8 7.06 
92.16 96.0 92.8 
100 100 100 
100 100 100 
81.8 77.76 82.91 
92.8 92.8 100 
30.27 29.06 29.76 
81.78 88.47 87.27 
100 100 100 
83.07 88.47 92.16 
49.74 47.76 52.65 
100 100 100 
100 100 100 
100 100 100 
100 100 100 
100 100 100 
100 100 100 
5.3 5.29 5.2 
4.77 4.41 4.62 
100 100 100 
100 100 100 
100 100 100 
100 100 100 
69.28 66.53 67.07 
87.68 99.88 99.88 
83.36 85.53 86.3 
100 100 100 
99.8 99.92 99.86 
13.21 13.12 13.28 
100 100 100 
100 100.0 100 
100 100 100 
100 100 100 
100.0 100 100 
15.74 13.94 14.08 
4.1 3.87 4.02 
12.11 11.74 11.93 
73.4 75.66 55.57 
100 100 100 
100 100 100 
79.11 90.78 89.73 
52.91 54.6 50.12 
99.92 99.92 99.92 
75.24 74.61 67.61 
88.81 91.36 87.26 
99.72 99.92 99.93 
20.53 2.77 8.27 
96.0 96.0 96.0 
99.92 99.92 99.92 
100 100 100 
78.58 83.05 88.47 
93.4 99.92 99.92 
0.12 0.12 0.12 
