9.14 7.0 8.89 
1.96 1.55 1.18 
6.7 6.45 6.57 
100 100 100 
100 100 100 
3.31 3.29 3.41 
83.16 82.11 80.47 
1.0 0.47 0.59 
12.61 13.52 15.48 
100 100 100 
65.03 66.47 60.54 
6.87 5.53 1.7 
100 100 100 
100 100 100 
100 100 100 
100 100 100 
100 100 100 
3.2 3.11 3.24 
1.39 1.04 4.52 
1.03 0.65 1.6 
61.68 59.91 61.26 
100 100 100 
100 100 100 
73.08 81.53 69.04 
33.29 34.36 34.4 
83.84 79.13 92.08 
30.13 68.04 30.25 
100 100 100 
99.89 82.76 98.81 
1.5 1.5 1.51 
96.0 100 100 
99.75 99.92 99.95 
100 100 100 
100 100 100 
86.52 86.24 98.44 
1.59 0.63 0.6 
0.76 31.6 2.71 
1.09 13.88 1.11 
43.13 45.09 42.04 
100 100 100 
100 100 100 
52.49 52.83 48.51 
13.23 4.29 4.25 
99.89 99.88 99.87 
28.0 22.87 38.37 
56.79 55.13 65.33 
95.9 99.31 96.65 
1.76 1.78 1.79 
13.55 8.1 5.2 
99.89 99.89 99.89 
100 100 100 
20.7 21.07 20.32 
87.4 86.55 99.89 
0.64 0.64 0.62 
