5.21 17.31 9.64 
2.87 2.77 2.79 
27.11 28.01 26.39 
100 100 100 
100 100 100 
20.93 19.93 20.25 
92.8 92.8 100 
8.97 12.8 9.48 
51.06 46.72 51.33 
100 100 100 
83.07 81.53 73.13 
16.08 15.53 13.67 
100 100 100 
100 100 100 
100 100 100 
100 100 100 
100 100 100 
20.86 21.9 18.65 
3.65 3.13 6.48 
1.87 2.36 1.82 
100 100 100 
100 100 100 
100 100 100 
96.0 100 100 
63.85 63.87 64.39 
99.92 99.87 99.81 
56.89 56.53 66.75 
100 100 100 
99.91 99.92 99.92 
9.81 5.73 3.58 
96.0 100 100 
100 100.0 100 
100 100 100 
100 100 100 
99.97 99.98 80.02 
0.29 0.3 0.3 
1.86 5.32 1.84 
1.58 1.65 1.63 
70.46 72.63 55.57 
100 100 100 
100 100 100 
67.06 83.66 86.14 
49.21 43.24 43.87 
89.84 80.36 99.84 
50.82 61.74 48.44 
81.41 74.5 72.1 
92.8 98.6 99.92 
4.53 4.56 4.41 
43.66 42.76 44.28 
99.92 99.92 99.92 
100 100 100 
60.68 62.82 60.98 
99.77 92.08 99.92 
4.56 6.24 26.8 
