15.41 14.19 15.28 
48.36 47.61 48.79 
100 100 96.0 
100 100 100 
100 100 100 
81.8 77.76 82.91 
100 100 100 
86.02 79.09 79.13 
92.16 96.0 87.27 
100 100 100 
100 100 100 
82.58 88.47 81.43 
100 100 100 
100 100 100 
100 100 100 
100 100 100 
100 100 100 
100 100 100 
61.93 44.59 49.32 
57.0 57.83 60.1 
100 100 100 
100 100 100 
100 100 100 
100 100 100 
76.79 72.91 78.44 
100.0 99.76 100.0 
100 100 100 
100 100 100 
100.0 100.0 100.0 
33.29 40.46 31.52 
100 100 100 
100 100 100 
100 100 100 
100 100 100 
100 100 100 
29.65 24.66 24.01 
18.68 24.37 21.71 
70.58 69.0 70.63 
86.02 88.47 88.47 
100 100 100 
100 100 100 
92.16 90.78 89.73 
88.47 86.02 92.16 
99.98 100.0 99.98 
82.49 84.42 68.52 
96.0 96.0 94.24 
84.29 100.0 99.98 
12.69 14.4 14.4 
100 100 100 
100.0 100.0 100.0 
100 100 100 
92.8 100 100 
99.98 81.53 100.0 
1.09 1.16 1.12 
