9.38 9.14 9.31 
1.23 1.32 1.29 
14.47 14.02 13.39 
100 100 100 
100 100 100 
10.11 24.9 7.34 
92.8 92.8 100 
0.72 0.94 0.73 
33.79 32.06 27.54 
100 100 100 
83.07 81.53 73.13 
3.17 3.12 3.21 
100 100 100 
100 100 100 
100 100 100 
100 100 100 
100 100 100 
12.79 12.88 12.53 
2.04 8.39 1.73 
0.89 0.76 0.64 
100 100 100 
100 100 100 
100 100 100 
96.0 96.0 84.15 
54.24 63.39 52.79 
95.67 78.95 80.06 
45.24 46.26 46.96 
100 100 100 
99.44 99.28 98.95 
11.52 1.67 1.89 
96.0 100 100 
99.98 99.99 99.98 
100 100 100 
100 100 100 
99.97 80.05 87.2 
0.12 0.12 0.12 
0.96 0.96 0.97 
4.44 1.63 3.89 
57.74 56.99 53.69 
100 100 100 
100 100 100 
67.06 77.48 79.38 
4.23 3.45 2.74 
99.88 98.84 99.79 
48.79 55.99 48.44 
72.88 59.28 60.32 
97.2 99.02 99.88 
4.97 24.14 4.68 
35.96 19.88 19.92 
99.36 99.76 99.88 
100 100 100 
29.91 29.06 29.35 
98.56 99.53 99.88 
0.23 0.23 0.23 
