5.01 35.66 7.9 
1.04 10.55 1.12 
11.07 11.49 11.37 
100 100 100 
100 100 100 
9.38 9.07 7.34 
92.8 92.8 100 
0.63 0.65 0.6 
32.44 31.05 23.95 
100 100 100 
79.75 81.53 73.13 
1.79 1.83 1.81 
100 100 100 
100 100 100 
100 100 100 
100 100 100 
100 100 100 
9.24 9.29 9.38 
3.71 4.91 3.44 
0.57 2.7 0.59 
100 100 100 
100 100 100 
100 100 100 
92.16 96.0 84.15 
54.24 63.39 52.79 
99.89 95.2 96.57 
40.18 39.44 39.89 
100 100 100 
99.88 96.44 99.63 
0.49 0.51 0.5 
96.0 100 100 
99.98 99.99 99.98 
100 100 100 
100 100 100 
99.97 80.05 87.2 
0.39 0.12 0.12 
1.45 0.84 0.82 
3.08 6.41 13.8 
55.43 49.2 53.69 
100 100 100 
100 100 100 
67.06 74.38 76.32 
4.23 3.45 2.74 
99.91 99.91 99.91 
48.79 53.75 48.44 
61.89 59.28 60.32 
99.9 83.98 99.91 
4.19 4.31 4.35 
18.7 19.08 35.33 
99.91 99.91 99.79 
100 100 100 
28.71 29.06 29.35 
99.82 99.88 99.91 
2.35 3.11 3.21 
