7.87 7.71 7.95 
36.91 38.93 30.79 
100 100 96.0 
100 100 100 
100 100 100 
81.8 77.76 82.91 
100 100 100 
75.66 77.04 79.13 
92.16 96.0 87.27 
100 100 100 
100 100 100 
82.58 88.47 81.43 
100 100 100 
100 100 100 
100 100 100 
100 100 100 
100 100 100 
100 100 100 
25.06 25.29 25.86 
43.4 45.44 49.26 
100 100 100 
100 100 100 
100 100 100 
100 100 100 
76.79 72.91 78.44 
100.0 99.98 100.0 
93.44 100 100 
100 100 100 
100.0 100.0 100.0 
24.4 24.98 25.03 
100 100 100 
100 100 100 
100 100 100 
100 100 100 
100 100 100 
29.65 24.66 24.01 
18.43 18.09 16.44 
59.95 48.9 52.45 
86.02 88.47 88.47 
100 100 100 
100 100 100 
92.16 90.78 89.73 
66.63 64.92 62.02 
99.46 95.74 99.98 
82.49 81.04 68.52 
96.0 96.0 94.24 
99.98 100.0 99.89 
12.19 12.23 15.94 
100 96.0 100 
100.0 100.0 100.0 
100 100 100 
92.8 100 100 
99.98 99.98 100.0 
0.12 20.09 0.12 
