6.8 11.9 14.57 
6.25 2.74 2.65 
64.03 78.36 76.49 
100 100 100 
100 100 100 
43.65 48.84 43.74 
92.8 92.8 100 
23.69 23.86 22.69 
60.12 69.65 68.31 
100 100 100 
83.07 88.47 92.16 
22.84 22.2 22.44 
100 100 100 
100 100 100 
100 100 100 
100 100 100 
100 100 100 
100 100 100 
4.41 4.45 3.99 
4.8 3.14 3.08 
100 100 100 
100 100 100 
100 100 100 
100 100 100 
69.28 66.53 67.07 
99.89 97.09 99.25 
83.36 85.53 86.3 
100 100 100 
99.92 99.92 99.92 
2.88 1.71 2.41 
100 100 100 
100 100.0 100 
100 100 100 
100 100 100 
100.0 100 100 
4.36 4.93 7.76 
4.14 4.0 4.03 
8.76 8.87 9.0 
73.4 75.66 55.57 
100 100 100 
100 100 100 
79.11 90.78 89.73 
52.91 54.6 50.12 
99.92 99.92 99.24 
66.57 66.01 64.91 
83.15 84.2 83.77 
99.92 99.92 99.92 
2.36 3.63 8.87 
96.0 96.0 96.0 
99.04 99.92 99.92 
100 100 100 
78.58 83.05 88.47 
89.74 80.03 94.35 
0.12 0.12 0.12 
