21.6 11.03 9.28 
1.38 1.34 1.38 
56.16 54.99 50.22 
100 100 100 
100 100 100 
27.86 27.71 26.8 
92.8 92.8 100 
11.84 11.96 11.64 
60.12 61.84 62.96 
100 100 100 
83.07 88.47 92.16 
20.59 26.71 21.17 
100 100 100 
100 100 100 
100 100 100 
100 100 100 
100 100 100 
57.48 57.29 56.63 
6.09 4.81 5.34 
2.61 2.66 2.7 
100 100 100 
100 100 100 
100 100 100 
100 100 100 
63.85 63.87 64.39 
99.9 90.11 99.45 
71.21 69.42 70.34 
100 100 100 
99.92 99.92 99.92 
0.72 0.5 0.5 
96.0 100 100 
100 100.0 100 
100 100 100 
100 100 100 
99.97 99.98 100.0 
1.04 1.09 1.08 
2.54 11.25 2.61 
6.13 4.29 4.49 
73.4 75.66 55.57 
100 100 100 
100 100 100 
79.11 90.78 89.73 
49.21 43.24 43.87 
99.81 99.9 99.9 
56.72 54.56 62.67 
79.99 77.6 80.95 
99.9 99.66 99.9 
5.66 1.08 5.49 
47.37 46.4 46.13 
99.86 99.9 99.9 
100 100 100 
74.42 68.17 68.93 
94.52 94.92 99.64 
1.43 0.32 0.49 
