21.14 21.55 15.0 
3.39 2.74 3.12 
64.03 78.36 76.49 
100 100 100 
100 100 100 
43.65 48.84 43.74 
92.8 92.8 100 
21.83 21.11 20.95 
60.12 69.65 68.31 
100 100 100 
83.07 88.47 92.16 
22.84 22.2 22.44 
100 100 100 
100 100 100 
100 100 100 
100 100 100 
100 100 100 
100 100 100 
6.22 4.62 5.85 
2.61 2.66 2.7 
100 100 100 
100 100 100 
100 100 100 
100 100 100 
69.28 66.53 67.07 
98.68 93.2 90.74 
80.03 82.11 86.26 
100 100 100 
99.92 99.92 99.92 
1.56 1.48 1.53 
100 100 100 
100 100.0 100 
100 100 100 
100 100 100 
100.0 100 100 
2.47 2.47 2.52 
2.87 2.89 2.94 
6.41 6.42 5.73 
73.4 75.66 55.57 
100 100 100 
100 100 100 
79.11 90.78 89.73 
51.06 52.42 50.12 
99.63 99.88 98.61 
66.57 66.01 64.91 
79.99 84.2 83.77 
99.57 99.76 99.92 
4.87 12.92 5.55 
69.62 75.66 75.14 
99.81 99.85 99.9 
100 100 100 
78.58 83.05 88.47 
93.94 92.52 99.0 
0.12 0.13 0.13 
