17.88 17.61 30.34 
4.55 4.5 4.65 
62.59 61.02 59.94 
100 100 100 
100 100 100 
74.23 78.81 87.94 
85.0 96.0 100 
22.71 21.82 22.35 
96.0 100 96.0 
100 100 100 
100 100 100 
54.87 56.23 52.35 
100 100 100 
100 100 100 
100 100 100 
100 100 100 
100 100 100 
76.64 82.1 81.53 
14.07 14.42 14.88 
14.28 15.06 15.62 
96.0 92.16 96.0 
100 100 100 
100 100 100 
100 100 100 
35.9 35.24 35.35 
99.92 99.72 99.89 
82.09 81.65 79.84 
100 100 100 
99.98 99.98 100.0 
13.42 13.43 13.77 
100 100 100 
100 100 100.0 
100 100 100 
100 100 100 
96.0 99.99 100.0 
15.71 17.75 18.49 
14.07 14.36 13.8 
42.63 36.27 36.85 
74.0 76.91 76.6 
100 100 100 
100 100 100 
82.71 89.6 89.73 
53.0 43.44 42.57 
99.92 99.92 99.92 
77.32 82.85 68.44 
99.98 99.98 96.0 
99.92 99.92 99.93 
28.6 12.99 13.14 
57.66 59.42 52.98 
99.92 99.93 99.88 
100 100 100 
71.19 69.59 67.2 
99.92 74.39 99.92 
0.9 0.92 0.9 
