6.67 25.51 6.66 
7.1 6.0 4.65 
20.8 20.08 18.93 
100 100 100 
100 100 100 
28.06 26.72 27.13 
85.0 96.0 100 
3.52 2.27 2.25 
73.38 61.43 60.69 
100 100 100 
96.0 92.8 96.0 
10.72 26.38 11.89 
100 100 100 
100 100 100 
100 100 100 
100 100 100 
100 100 100 
26.73 23.04 26.81 
6.13 6.01 10.91 
2.95 2.92 3.62 
96.0 92.16 96.0 
100 100 100 
100 100 100 
94.34 93.23 100 
30.45 33.85 29.44 
99.45 85.55 78.47 
67.81 66.57 69.66 
100 100 100 
99.48 98.09 97.47 
3.72 1.07 1.07 
100 100 100 
99.78 99.94 99.95 
100 100 100 
100 100 100 
96.8 99.99 99.98 
0.29 0.3 0.3 
3.71 2.42 4.36 
7.43 7.52 7.69 
53.94 53.58 57.9 
100 100 100 
100 100 100 
75.72 76.11 71.43 
28.06 40.8 35.98 
99.88 99.33 99.49 
53.86 52.81 48.16 
95.46 89.31 89.5 
99.55 92.32 99.88 
9.96 6.37 5.39 
33.65 39.24 33.95 
98.86 97.12 85.45 
100 100 100 
68.4 55.83 59.1 
78.89 86.09 90.49 
3.86 0.12 0.12 
