5.02 4.92 10.05 
1.83 1.88 6.8 
12.75 12.9 12.58 
100 100 100 
100 100 100 
7.23 7.02 7.07 
85.0 92.16 84.92 
2.07 1.72 4.65 
42.18 44.6 49.74 
100 100 100 
96.0 92.8 96.0 
7.44 7.45 7.02 
100 100 100 
100 100 100 
100 100 100 
100 100 100 
100 100 100 
15.26 14.17 15.3 
3.55 3.71 5.74 
1.24 2.05 1.23 
96.0 92.16 96.0 
100 100 100 
100 100 100 
94.34 93.23 96.0 
11.75 11.49 11.48 
78.62 74.34 69.53 
60.59 59.15 61.13 
100 100 100 
80.47 92.78 95.81 
3.36 1.46 1.44 
100 100 100 
99.78 99.94 99.95 
100 100 100 
100 100 100 
96.8 99.96 99.98 
2.96 0.12 1.87 
0.83 0.83 1.9 
2.56 2.34 2.37 
47.96 49.38 46.27 
100 100 100 
100 100 100 
72.69 73.07 65.37 
2.08 2.38 2.08 
84.12 98.44 98.79 
61.19 46.77 48.16 
83.77 77.98 83.98 
82.34 87.24 96.91 
2.14 2.12 10.49 
24.85 23.97 24.03 
99.81 99.88 99.38 
100 100 100 
51.59 50.62 48.45 
97.93 94.12 99.88 
0.26 2.46 0.27 
