10.13 12.74 11.78 
5.74 3.84 3.56 
7.79 7.57 8.07 
100 100 100 
100 100 100 
17.4 6.31 6.1 
64.76 62.97 78.26 
2.36 3.97 2.28 
28.08 23.57 23.79 
100 100 100 
51.6 50.88 59.02 
4.38 13.32 6.28 
100 100 100 
100 100 100 
100 100 100 
100 100 100 
100 100 100 
15.26 14.17 15.3 
3.77 3.53 5.69 
1.8 1.77 3.42 
82.5 92.16 96.0 
100 100 100 
100 100 100 
94.34 93.23 96.0 
5.43 5.58 17.09 
89.63 80.4 94.39 
43.63 44.45 44.57 
100 100 100 
92.29 83.35 99.79 
1.41 1.47 1.47 
100 100 100 
99.15 99.81 99.12 
100 100 100 
100 100 100 
96.8 98.69 99.19 
0.76 0.2 0.26 
1.04 1.06 1.8 
11.2 4.37 4.67 
40.79 26.82 26.93 
100 100 100 
100 100 100 
72.69 73.07 65.37 
5.23 3.93 5.36 
99.81 99.52 99.87 
70.89 47.21 48.16 
81.64 91.96 84.48 
96.09 99.1 99.88 
12.32 3.58 3.54 
9.79 8.29 27.83 
99.88 92.36 98.28 
100 100 100 
42.07 50.68 42.27 
99.86 99.86 99.88 
0.58 0.58 1.82 
