22.69 24.44 23.4 
23.92 23.4 21.92 
71.06 86.63 96.0 
100 100 100 
100 100 100 
96.0 100 100 
100 100 100 
53.61 57.43 62.61 
96.0 100 96.0 
100 100 100 
100 100 100 
72.71 77.43 77.82 
100 100 100 
100 100 100 
100 100 100 
100 100 100 
100 100 100 
100 100 100 
38.61 41.82 41.59 
58.92 59.8 63.48 
100 100 100 
100 100 100 
100 100 100 
100 100 100 
44.59 50.86 46.67 
95.74 93.89 91.67 
89.66 81.27 83.36 
100 100 100 
100.0 100.0 100.0 
27.86 23.55 24.79 
100 100 100 
100 100 100 
100 100 100 
100 100 100 
96.0 100.0 100.0 
41.84 43.59 43.27 
41.71 35.96 35.39 
47.81 48.5 47.04 
74.0 76.91 75.75 
100 100 100 
100 100 100 
85.24 92.8 100 
79.51 79.65 81.53 
98.75 98.66 87.73 
83.72 84.85 91.27 
100.0 100 100.0 
94.67 99.98 100.0 
30.12 20.25 13.41 
79.83 78.61 79.84 
99.99 100.0 95.4 
100 100 100 
75.66 76.92 85.21 
99.75 92.07 99.94 
2.68 4.71 3.47 
