2.71 2.76 2.72 
8.54 5.83 5.93 
51.03 43.56 43.21 
100 100 100 
100 100 100 
49.71 50.51 49.23 
85.0 96.0 100 
8.96 8.96 9.3 
96.0 100 96.0 
100 100 100 
100 100 100 
23.46 22.68 23.04 
100 100 100 
100 100 100 
100 100 100 
100 100 100 
100 100 100 
68.31 67.32 69.24 
6.14 5.8 6.27 
4.31 4.61 4.41 
96.0 92.16 96.0 
100 100 100 
100 100 100 
100 100 100 
30.45 33.85 29.44 
80.76 79.46 85.93 
80.29 81.65 77.58 
100 100 100 
99.95 99.56 97.1 
7.22 7.22 7.43 
100 100 100 
100 100 100.0 
100 100 100 
100 100 100 
96.0 99.99 100.0 
10.08 10.72 10.12 
9.14 8.78 7.01 
13.66 16.43 13.36 
74.0 73.83 76.6 
100 100 100 
100 100 100 
82.71 89.6 86.14 
34.42 41.17 44.56 
88.06 92.28 80.22 
66.05 74.33 66.78 
96.74 95.93 97.42 
99.88 97.35 97.06 
8.54 8.58 8.75 
41.57 41.42 42.55 
99.87 83.2 99.88 
100 100 100 
71.19 69.59 67.2 
99.72 99.88 97.36 
0.72 1.0 0.92 
