8.91 13.26 26.8 
1.89 2.76 1.88 
36.42 37.2 36.7 
100 100 100 
100 100 100 
46.51 30.09 30.31 
85.0 96.0 100 
2.56 2.78 2.76 
92.16 78.17 92.16 
100 100 100 
96.0 92.8 96.0 
12.63 11.34 11.63 
100 100 100 
100 100 100 
100 100 100 
100 100 100 
100 100 100 
68.31 67.32 69.24 
6.13 6.01 10.91 
2.95 2.92 3.62 
96.0 92.16 96.0 
100 100 100 
100 100 100 
94.34 93.23 100 
30.45 33.85 29.44 
96.98 82.45 73.6 
70.64 69.34 68.64 
100 100 100 
98.94 97.46 96.38 
3.19 2.03 9.89 
100 100 100 
99.78 99.94 99.95 
100 100 100 
100 100 100 
96.0 99.99 99.98 
0.23 0.23 3.66 
3.71 1.82 9.84 
8.4 7.72 8.34 
61.02 60.2 65.44 
100 100 100 
100 100 100 
75.72 76.11 76.2 
28.06 40.8 35.98 
99.4 98.07 98.85 
56.1 57.3 57.63 
94.37 89.31 89.5 
99.36 81.45 99.83 
19.67 5.46 6.89 
36.51 38.0 35.36 
99.88 99.86 98.66 
100 100 100 
60.71 61.81 74.05 
99.78 99.88 99.88 
1.27 1.27 1.08 
