17.34 22.17 18.96 
18.84 18.67 17.46 
71.06 86.63 96.0 
100 100 100 
100 100 100 
75.2 78.81 87.94 
100 100 100 
53.61 57.43 60.11 
96.0 100 96.0 
100 100 100 
100 100 100 
72.71 77.43 77.82 
100 100 100 
100 100 100 
100 100 100 
100 100 100 
100 100 100 
100 100 100 
28.22 28.65 29.16 
39.05 35.3 36.07 
100 100 100 
100 100 100 
100 100 100 
100 100 100 
44.59 50.86 46.67 
98.63 99.11 84.87 
89.66 81.27 83.36 
100 100 100 
100.0 100.0 100.0 
19.38 35.17 20.22 
100 100 100 
100 100 100 
100 100 100 
100 100 100 
96.0 99.99 100.0 
24.85 25.64 25.62 
32.18 33.12 34.22 
46.61 46.33 47.04 
74.0 76.91 76.6 
100 100 100 
100 100 100 
82.71 89.6 89.73 
74.16 78.86 72.13 
99.84 99.77 99.49 
71.67 82.85 68.44 
99.98 100 100.0 
89.51 99.88 99.88 
40.92 24.43 23.0 
79.83 78.61 79.84 
99.98 99.99 99.5 
100 100 100 
75.66 76.92 85.21 
99.93 71.27 92.08 
0.9 0.87 0.87 
