6.46 5.53 9.29 
12.69 6.23 8.06 
36.42 37.2 36.7 
100 100 100 
100 100 100 
39.73 30.09 30.31 
85.0 96.0 100 
7.89 5.14 5.15 
92.16 78.17 92.16 
100 100 100 
96.0 92.8 96.0 
17.1 11.34 11.63 
100 100 100 
100 100 100 
100 100 100 
100 100 100 
100 100 100 
68.31 67.32 69.24 
6.11 5.9 6.91 
5.23 3.37 3.77 
96.0 92.16 96.0 
100 100 100 
100 100 100 
100 100 100 
30.45 33.85 29.44 
97.38 92.36 88.84 
76.65 69.34 71.5 
100 100 100 
84.09 89.83 99.73 
6.93 6.59 17.51 
100 100 100 
99.78 100 100.0 
100 100 100 
100 100 100 
96.0 99.99 99.98 
1.8 1.78 1.75 
4.53 4.26 5.27 
9.1 9.42 9.14 
71.04 70.88 70.6 
100 100 100 
100 100 100 
82.71 89.6 86.14 
28.06 40.8 44.27 
83.87 83.68 93.93 
60.87 62.18 60.03 
93.11 96.63 94.31 
82.12 98.49 97.09 
4.19 4.2 9.87 
41.57 41.42 38.79 
99.79 99.85 99.76 
100 100 100 
65.61 61.81 64.51 
95.76 99.81 99.88 
0.42 0.69 0.5 
