2.93 2.87 2.82 
2.48 3.85 2.25 
12.24 12.38 12.58 
100 100 100 
100 100 100 
6.39 6.47 6.52 
81.6 84.93 84.92 
2.07 1.72 4.12 
42.18 44.6 45.84 
100 100 100 
96.0 92.8 96.0 
7.44 7.15 6.81 
100 100 100 
100 100 100 
100 100 100 
100 100 100 
100 100 100 
15.26 14.17 15.3 
3.55 3.71 6.78 
1.11 2.66 1.26 
96.0 92.16 96.0 
100 100 100 
100 100 100 
94.34 93.23 96.0 
10.83 10.59 11.02 
76.68 82.01 80.18 
60.59 59.15 61.13 
100 100 100 
86.64 92.78 97.53 
2.06 1.57 1.44 
100 100 100 
99.78 99.94 99.95 
100 100 100 
100 100 100 
96.8 99.96 99.98 
2.96 0.12 1.87 
0.83 0.83 1.75 
2.19 2.08 2.19 
47.96 49.38 46.27 
100 100 100 
100 100 100 
72.69 73.07 65.37 
2.08 2.38 2.08 
96.28 97.46 98.21 
61.19 47.21 48.16 
83.77 82.18 80.62 
85.43 87.24 99.27 
2.14 2.81 5.67 
24.85 23.97 24.03 
99.88 99.77 99.71 
100 100 100 
51.59 50.62 48.45 
98.64 98.0 99.88 
0.22 1.86 0.23 
