31.42 31.89 36.42 
64.56 71.61 68.81 
84.66 86.63 96.0 
100 100 100 
100 100 100 
96.0 100 100 
100 100 100 
76.09 79.96 78.27 
100 100 100 
100 100 100 
100 100 100 
74.67 80.58 84.44 
100 100 100 
100 100 100 
100 100 100 
100 100 100 
100 100 100 
100 100 100 
85.03 78.63 80.13 
91.55 92.8 96.0 
100 100 100 
100 100 100 
100 100 100 
100 100 100 
100 100 100 
95.16 99.46 100.0 
96.0 92.8 96.8 
100 100 100 
100 100 100 
55.56 56.06 54.51 
100 100 100 
100 100 100 
100 100 100 
100 100 100 
96.0 100.0 100.0 
62.5 62.55 63.08 
72.12 71.51 64.27 
72.75 78.37 72.87 
74.0 76.91 75.75 
100 100 100 
100 100 100 
85.24 92.8 100 
100 100 100 
100.0 99.98 99.96 
86.83 81.07 92.8 
100.0 100 100 
98.81 99.86 100.0 
16.62 16.53 16.34 
86.63 85.03 89.09 
100.0 100.0 100.0 
100 100 100 
84.93 82.1 88.47 
99.98 99.88 100.0 
2.73 6.29 2.93 
