10.11 16.32 10.48 
3.74 1.58 1.56 
16.29 19.28 18.93 
100 100 100 
100 100 100 
24.83 23.85 25.0 
85.0 96.0 100 
1.93 1.97 1.9 
58.57 58.97 60.69 
100 100 100 
96.0 92.8 96.0 
10.72 20.35 11.89 
100 100 100 
100 100 100 
100 100 100 
100 100 100 
100 100 100 
21.78 21.24 20.99 
5.96 4.68 1.48 
1.92 1.88 6.06 
96.0 92.16 96.0 
100 100 100 
100 100 100 
94.34 93.23 100 
26.94 26.57 27.13 
99.69 93.01 96.83 
60.59 61.55 70.27 
100 100 100 
89.56 84.04 99.16 
40.68 3.77 3.9 
100 100 100 
99.78 99.94 99.95 
100 100 100 
100 100 100 
96.8 99.99 99.98 
0.97 0.12 0.12 
1.31 2.2 1.67 
2.82 2.55 2.76 
49.71 51.44 51.23 
100 100 100 
100 100 100 
75.72 76.11 71.43 
28.06 35.76 35.98 
88.64 80.18 85.69 
56.73 52.81 48.16 
92.04 77.98 84.4 
92.26 98.65 97.25 
4.16 4.04 4.75 
33.65 54.23 37.08 
99.88 99.87 99.84 
100 100 100 
68.66 55.61 46.83 
81.89 83.95 99.6 
2.84 1.61 6.32 
