11.64 11.18 11.24 
6.93 2.07 4.07 
14.41 14.54 14.81 
100 100 100 
100 100 100 
24.83 23.85 21.13 
85.0 96.0 84.92 
1.62 1.72 3.35 
58.57 58.97 51.81 
100 100 100 
96.0 92.8 96.0 
10.72 18.01 11.89 
100 100 100 
100 100 100 
100 100 100 
100 100 100 
100 100 100 
21.78 21.24 20.99 
10.04 3.51 1.9 
1.92 1.88 6.06 
96.0 92.16 96.0 
100 100 100 
100 100 100 
94.34 93.23 100 
15.84 29.02 16.1 
78.74 79.84 86.58 
60.59 66.85 70.11 
100 100 100 
96.11 80.7 86.22 
32.51 3.77 3.9 
100 100 100 
99.78 99.94 99.95 
100 100 100 
100 100 100 
96.8 99.99 99.98 
0.97 0.12 0.12 
2.66 0.28 0.27 
34.39 6.38 2.54 
49.71 51.44 51.23 
100 100 100 
100 100 100 
75.72 76.11 71.43 
5.41 5.53 9.56 
99.58 90.27 87.01 
52.28 62.23 48.16 
93.48 77.98 84.4 
92.63 90.24 99.42 
14.95 11.98 20.51 
44.02 30.63 27.57 
99.66 91.73 85.56 
100 100 100 
53.74 62.08 48.45 
93.8 95.77 99.73 
2.84 6.46 19.07 
