3.18 8.95 1.99 
3.23 3.33 3.23 
47.03 43.56 43.21 
100 100 100 
100 100 100 
47.72 46.67 47.26 
85.0 96.0 100 
6.91 6.71 7.17 
92.16 78.17 96.0 
100 100 100 
100 100 100 
17.63 17.75 17.32 
100 100 100 
100 100 100 
100 100 100 
100 100 100 
100 100 100 
68.31 67.32 69.24 
4.99 4.93 4.43 
4.31 4.5 4.41 
96.0 92.16 96.0 
100 100 100 
100 100 100 
100 100 100 
30.45 33.85 29.44 
96.2 73.69 81.05 
74.56 72.23 71.5 
100 100 100 
96.77 81.61 96.66 
6.4 4.84 15.46 
100 100 100 
100 100 100.0 
100 100 100 
100 100 100 
96.0 99.99 99.98 
4.38 4.48 5.27 
7.57 7.64 7.04 
13.11 12.85 13.36 
74.0 73.83 76.6 
100 100 100 
100 100 100 
82.71 89.6 86.14 
28.06 40.8 56.54 
99.87 98.41 99.34 
63.41 64.77 65.14 
96.74 95.93 97.88 
97.84 84.71 99.78 
5.43 5.5 24.44 
41.57 41.42 38.79 
99.9 97.06 99.57 
100 100 100 
71.19 69.59 67.2 
97.79 99.83 99.87 
0.51 0.5 0.5 
