15.76 14.04 16.04 
4.59 4.93 4.76 
53.16 54.22 53.03 
100 100 100 
100 100 100 
51.78 52.61 50.69 
85.0 96.0 100 
10.55 10.55 9.68 
96.0 100 96.0 
100 100 100 
100 100 100 
51.52 51.82 52.35 
100 100 100 
100 100 100 
100 100 100 
100 100 100 
100 100 100 
76.64 82.1 81.53 
6.82 12.75 9.4 
5.5 5.46 5.63 
96.0 92.16 96.0 
100 100 100 
100 100 100 
100 100 100 
35.9 35.24 35.35 
94.72 73.33 77.19 
87.13 81.65 77.58 
100 100 100 
99.95 99.56 97.1 
12.72 19.19 12.27 
100 100 100 
100 100 100.0 
100 100 100 
100 100 100 
96.0 99.99 100.0 
12.62 12.98 10.32 
6.26 18.67 6.28 
13.66 25.6 10.72 
74.0 73.83 76.6 
100 100 100 
100 100 100 
82.71 89.6 86.14 
34.42 41.17 44.56 
96.63 98.3 83.62 
66.05 74.33 66.78 
96.74 99.93 97.42 
99.82 95.92 97.06 
6.96 26.86 8.45 
41.57 41.42 42.55 
99.88 83.2 99.88 
100 100 100 
71.19 69.59 67.2 
99.02 99.76 80.98 
5.52 7.96 6.26 
