8.75 8.27 8.53 
7.24 5.0 5.3 
60.09 56.48 59.94 
100 100 100 
100 100 100 
65.88 64.25 66.22 
85.0 96.0 100 
17.96 19.64 20.6 
96.0 100 96.0 
100 100 100 
100 100 100 
54.87 56.23 52.35 
100 100 100 
100 100 100 
100 100 100 
100 100 100 
100 100 100 
76.64 82.1 81.53 
13.64 13.0 13.78 
15.72 13.83 12.46 
96.0 92.16 96.0 
100 100 100 
100 100 100 
100 100 100 
35.9 35.24 35.35 
89.1 94.9 66.76 
87.13 81.65 77.58 
100 100 100 
99.96 99.97 99.98 
26.88 10.55 12.54 
100 100 100 
100 100 100.0 
100 100 100 
100 100 100 
96.0 99.99 100.0 
12.62 12.98 10.32 
13.02 12.97 12.72 
32.42 36.27 35.11 
74.0 76.91 76.6 
100 100 100 
100 100 100 
82.71 89.6 89.73 
41.48 42.89 42.57 
98.31 99.68 98.69 
77.32 79.99 68.01 
99.98 99.98 97.42 
81.7 99.96 84.52 
10.42 24.74 10.6 
53.41 54.76 52.98 
99.92 99.92 99.92 
100 100 100 
71.19 69.59 67.2 
99.92 99.93 99.94 
2.37 0.36 0.36 
