9.52 9.44 9.56 
5.62 5.67 6.51 
65.2 65.97 73.16 
100 100 100 
100 100 100 
75.2 78.81 87.94 
85.0 96.0 100 
29.0 27.89 29.65 
96.0 100 96.0 
100 100 100 
100 100 100 
72.71 77.43 77.82 
100 100 100 
100 100 100 
100 100 100 
100 100 100 
100 100 100 
100 100 100 
15.4 15.54 16.15 
20.62 19.92 18.21 
96.0 92.16 96.0 
100 100 100 
100 100 100 
100 100 100 
35.9 35.24 35.35 
99.71 83.35 99.73 
85.29 81.65 86.64 
100 100 100 
99.98 99.98 100.0 
15.36 29.17 15.78 
100 100 100 
100 100 100 
100 100 100 
100 100 100 
96.0 99.99 100.0 
15.71 18.49 18.49 
15.58 14.96 14.97 
49.49 36.27 36.16 
74.0 76.91 76.6 
100 100 100 
100 100 100 
82.71 89.6 89.73 
53.0 43.44 42.57 
99.92 98.73 99.93 
77.32 82.85 68.44 
99.98 99.99 96.0 
99.91 99.88 99.93 
13.33 31.01 13.49 
57.66 59.42 52.98 
99.92 99.93 95.49 
100 100 100 
71.19 69.59 67.2 
99.21 96.63 99.9 
2.22 5.31 3.89 
