2.54 16.35 10.22 
2.74 1.87 1.93 
11.28 10.94 9.9 
100 100 100 
100 100 100 
18.12 4.67 4.55 
81.6 81.53 84.92 
1.27 1.56 1.06 
38.97 39.47 40.56 
100 100 100 
88.58 89.09 88.47 
5.83 5.98 5.88 
100 100 100 
100 100 100 
100 100 100 
100 100 100 
100 100 100 
15.26 14.17 15.3 
3.57 3.87 3.72 
1.59 1.2 1.07 
96.0 92.16 96.0 
100 100 100 
100 100 100 
94.34 93.23 96.0 
8.43 8.29 8.28 
65.88 73.99 84.12 
47.49 48.23 47.36 
100 100 100 
98.16 99.69 97.17 
3.62 14.91 5.42 
100 100 100 
99.81 99.77 99.12 
100 100 100 
100 100 100 
96.8 98.69 98.92 
1.66 0.12 1.72 
1.8 0.95 2.86 
1.42 1.11 1.52 
47.96 47.4 46.27 
100 100 100 
100 100 100 
72.69 73.07 65.37 
0.62 0.63 22.91 
85.53 85.36 96.06 
61.19 47.21 48.16 
96.0 82.18 80.62 
89.42 95.46 99.14 
5.64 5.84 5.65 
19.43 35.71 18.91 
99.31 99.88 99.88 
100 100 100 
47.55 45.19 66.21 
99.79 91.78 99.88 
0.29 0.29 0.3 
