6.71 3.04 6.17 
8.29 3.97 4.0 
8.11 8.79 9.12 
100 100 100 
100 100 100 
22.61 6.31 6.1 
64.76 78.27 78.26 
3.16 2.86 2.89 
35.91 31.84 35.88 
100 100 100 
81.64 82.11 84.93 
4.95 5.0 5.06 
100 100 100 
100 100 100 
100 100 100 
100 100 100 
100 100 100 
15.26 14.17 15.3 
6.78 4.9 3.04 
1.88 1.84 2.84 
82.5 92.16 96.0 
100 100 100 
100 100 100 
94.34 93.23 96.0 
7.2 7.04 7.01 
65.27 74.89 67.53 
53.5 44.45 44.57 
100 100 100 
95.71 98.21 99.7 
1.66 1.73 1.73 
100 100 100 
99.15 99.87 99.12 
100 100 100 
100 100 100 
96.8 98.69 99.0 
0.76 0.2 0.26 
2.27 2.33 1.75 
20.24 2.16 2.45 
33.27 34.19 30.44 
100 100 100 
100 100 100 
72.69 73.07 65.37 
5.04 3.93 11.61 
99.5 96.2 97.55 
63.64 47.21 48.16 
81.64 84.75 80.62 
98.97 99.88 98.6 
2.89 1.15 2.95 
9.7 15.57 9.84 
98.32 99.76 93.47 
100 100 100 
42.07 54.99 42.27 
80.24 96.38 99.79 
0.58 0.58 1.03 
