8.16 8.39 7.67 
12.07 12.65 12.73 
71.06 86.63 96.0 
100 100 100 
100 100 100 
75.2 78.81 87.94 
100 100 100 
49.68 50.85 45.08 
96.0 100 96.0 
100 100 100 
100 100 100 
72.71 77.43 77.82 
100 100 100 
100 100 100 
100 100 100 
100 100 100 
100 100 100 
100 100 100 
18.96 22.43 22.92 
27.43 26.74 26.22 
100 100 100 
100 100 100 
100 100 100 
100 100 100 
44.59 50.86 46.67 
94.07 99.16 99.88 
89.66 81.27 83.36 
100 100 100 
99.98 99.98 100.0 
19.38 35.17 20.22 
100 100 100 
100 100 100 
100 100 100 
100 100 100 
96.0 99.99 100.0 
24.85 25.64 25.62 
28.56 29.31 30.28 
42.96 42.7 41.62 
74.0 76.91 76.6 
100 100 100 
100 100 100 
82.71 89.6 89.73 
74.16 78.86 72.13 
99.93 99.94 93.85 
77.32 82.85 68.44 
99.98 99.99 100.0 
99.22 92.92 99.93 
24.93 24.69 40.0 
79.83 78.61 79.84 
99.81 99.95 99.92 
100 100 100 
75.66 76.92 85.21 
89.4 99.82 87.8 
16.74 16.55 15.65 
