21.25 18.62 19.86 
29.86 29.53 28.92 
84.66 86.63 96.0 
100 100 100 
100 100 100 
96.0 100 100 
100 100 100 
53.61 57.43 62.61 
100 100 100 
100 100 100 
100 100 100 
74.67 80.58 84.44 
100 100 100 
100 100 100 
100 100 100 
100 100 100 
100 100 100 
100 100 100 
62.49 65.19 71.62 
87.89 77.07 78.03 
100 100 100 
100 100 100 
100 100 100 
100 100 100 
46.37 52.98 54.28 
99.86 96.62 89.13 
88.47 83.89 86.51 
100 100 100 
100.0 100.0 100.0 
26.61 27.07 42.15 
100 100 100 
100 100 100 
100 100 100 
100 100 100 
96.0 100.0 100.0 
41.84 43.59 43.27 
46.54 47.02 49.19 
62.37 66.52 62.23 
74.0 76.91 75.75 
100 100 100 
100 100 100 
85.24 92.8 100 
100 100 100 
98.74 99.97 90.36 
83.72 81.07 91.27 
100.0 100 100.0 
99.98 99.98 100.0 
8.18 7.96 22.18 
86.63 85.03 89.09 
100.0 100.0 100.0 
100 100 100 
84.93 82.1 88.47 
99.98 99.98 80.39 
11.54 1.51 1.49 
