9.72 10.04 6.97 
8.45 3.25 3.0 
7.79 7.57 8.07 
100 100 100 
100 100 100 
17.4 6.31 6.1 
64.76 62.97 78.26 
2.56 2.63 3.27 
35.91 31.84 35.88 
100 100 100 
75.31 75.68 85.78 
4.75 4.25 4.23 
100 100 100 
100 100 100 
100 100 100 
100 100 100 
100 100 100 
15.26 14.17 15.3 
3.58 3.53 6.18 
1.8 1.77 4.11 
82.5 92.16 96.0 
100 100 100 
100 100 100 
94.34 93.23 96.0 
5.43 5.58 17.09 
92.42 73.43 76.67 
43.63 44.45 44.57 
100 100 100 
89.16 91.86 91.6 
1.41 1.47 1.47 
100 100 100 
99.15 99.87 99.12 
100 100 100 
100 100 100 
96.8 98.69 99.0 
0.76 0.2 0.26 
1.04 1.06 2.12 
6.31 4.37 4.67 
33.27 32.82 30.44 
100 100 100 
100 100 100 
72.69 73.07 65.37 
5.55 3.93 6.3 
95.13 92.94 77.84 
63.64 47.21 48.16 
81.64 89.97 80.62 
88.33 94.61 96.68 
1.7 4.77 4.88 
9.7 15.57 9.84 
99.88 99.88 99.84 
100 100 100 
42.07 50.68 42.27 
99.61 99.81 99.88 
0.58 0.58 1.66 
