14.87 14.77 16.47 
3.08 3.08 7.38 
47.03 43.56 43.21 
100 100 100 
100 100 100 
40.26 30.09 30.31 
85.0 96.0 100 
5.87 5.8 5.36 
92.16 78.17 92.16 
100 100 100 
96.0 92.8 96.0 
17.01 11.34 11.4 
100 100 100 
100 100 100 
100 100 100 
100 100 100 
100 100 100 
68.31 67.32 69.24 
4.76 5.07 8.3 
3.24 3.13 3.27 
96.0 92.16 96.0 
100 100 100 
100 100 100 
100 100 100 
30.45 33.85 29.44 
97.13 76.31 80.99 
74.56 72.23 71.5 
100 100 100 
98.1 84.79 96.96 
7.22 4.84 7.88 
100 100 100 
100 100 100.0 
100 100 100 
100 100 100 
96.0 99.99 99.98 
1.8 1.78 1.75 
7.57 7.64 7.04 
10.9 9.44 11.36 
74.0 73.83 76.6 
100 100 100 
100 100 100 
82.71 89.6 86.14 
28.06 40.8 56.54 
98.08 91.46 99.31 
63.41 64.77 65.14 
96.74 95.93 98.24 
98.25 92.12 99.53 
5.74 5.64 5.49 
41.57 41.42 38.79 
99.9 98.75 99.85 
100 100 100 
71.19 69.59 67.2 
99.78 93.39 99.9 
0.6 1.98 0.61 
