3.13 3.23 3.16 
1.24 1.86 1.25 
11.87 11.87 12.21 
100 100 100 
100 100 100 
3.24 6.71 3.12 
92.8 92.16 96.0 
0.69 0.71 0.7 
27.51 23.05 27.76 
100 100 100 
64.4 67.32 72.13 
0.71 4.43 0.72 
100 100 100 
100 100 100 
100 100 100 
100 100 100 
100 100 100 
0.7 0.64 0.64 
1.3 1.29 6.45 
0.84 1.35 0.84 
31.77 30.5 33.03 
100 100 100 
100 100 100 
69.24 67.58 66.62 
44.97 44.28 46.03 
99.88 83.99 92.52 
26.74 25.77 26.13 
100 100 100 
80.45 99.83 91.78 
23.49 0.12 0.12 
100 100 100 
100 100 100 
100 100 100 
100 100 100 
100.0 100 100 
20.08 0.12 0.12 
1.07 1.07 1.11 
1.46 0.92 12.75 
46.65 54.63 55.49 
100 100 100 
100 100 100 
83.16 77.66 68.68 
7.72 6.71 6.66 
99.88 98.92 99.85 
30.82 42.17 32.72 
41.74 40.92 59.03 
99.48 95.99 99.88 
3.12 2.63 6.4 
22.57 23.09 22.87 
99.88 99.88 99.76 
100 100 100 
62.65 54.75 54.47 
99.84 81.56 99.88 
1.25 0.82 1.22 
