7.84 7.88 7.6 
4.09 0.78 1.78 
13.41 13.42 19.85 
100 100 100 
100 100 100 
6.21 23.45 4.2 
100 100 100 
0.92 0.92 1.52 
40.17 41.33 41.75 
100 100 100 
64.4 67.32 72.13 
0.16 0.16 4.54 
100 100 100 
100 100 100 
100 100 100 
100 100 100 
100 100 100 
0.12 1.25 0.32 
3.9 3.82 5.71 
0.96 3.23 1.82 
33.09 38.12 40.34 
100 100 100 
100 100 100 
72.13 70.4 72.29 
88.47 92.16 92.16 
82.15 90.32 77.64 
34.16 46.68 34.6 
100 100 100 
99.11 93.73 87.32 
0.43 0.44 0.43 
100 100 100 
100 100 100 
100 100 100 
100 100 100 
100.0 100 100 
0.12 0.12 0.12 
1.84 2.1 2.07 
23.32 2.55 4.5 
73.16 65.76 65.33 
100 100 100 
100 100 100 
83.16 84.01 68.68 
26.6 41.13 26.28 
99.88 99.88 99.88 
47.33 47.58 47.58 
46.58 49.0 53.32 
99.88 99.75 97.79 
1.05 6.04 0.96 
46.43 46.83 46.07 
99.88 99.69 99.2 
100 100 100 
55.56 64.47 54.47 
99.53 98.99 99.88 
0.12 0.12 0.12 
