3.68 6.4 6.2 
3.31 3.45 1.25 
8.26 8.22 8.12 
100 100 100 
100 100 100 
3.56 4.38 3.53 
92.8 92.16 96.0 
0.63 0.65 0.64 
24.34 23.05 24.56 
100 100 100 
64.4 67.32 69.24 
0.58 0.66 0.64 
100 100 100 
100 100 100 
100 100 100 
100 100 100 
100 100 100 
0.14 0.15 0.15 
1.3 1.29 4.84 
0.72 0.74 0.73 
29.28 29.28 29.23 
100 100 100 
100 100 100 
66.47 64.88 66.62 
44.97 44.28 46.03 
99.89 80.01 99.62 
50.69 28.35 25.08 
100 100 100 
96.65 92.84 99.22 
0.75 0.77 0.74 
100 100 100 
100 100 100 
100 100 100 
100 100 100 
100.0 100 100 
0.41 0.16 0.12 
0.99 1.0 1.22 
1.46 3.24 6.64 
46.65 54.63 55.49 
100 100 100 
100 100 100 
83.16 77.66 68.68 
23.88 6.71 6.66 
92.75 80.06 81.22 
30.82 30.69 31.41 
41.74 40.92 61.72 
82.66 81.26 98.83 
17.46 7.57 8.2 
22.57 23.09 22.87 
99.9 99.9 99.89 
100 100 100 
62.65 54.75 54.47 
99.9 99.9 99.9 
0.12 0.12 0.12 
