6.58 15.93 6.57 
2.79 2.69 2.78 
36.05 39.62 35.39 
100 100 100 
100 100 100 
26.06 11.68 13.06 
100 100 100 
5.84 6.06 5.77 
51.31 50.69 51.21 
100 100 100 
100 100 100 
7.41 7.35 7.56 
100 100 100 
100 100 100 
100 100 100 
100 100 100 
100 100 100 
6.66 6.64 6.09 
1.58 1.61 7.96 
0.24 0.13 0.98 
78.22 76.94 78.27 
100 100 100 
100 100 100 
81.53 76.39 80.99 
96.0 96.0 100 
99.89 99.61 99.39 
46.37 51.43 43.65 
100 100 100 
87.74 99.85 99.88 
2.95 0.6 1.92 
100 100 100 
100 100 100 
100 100 100 
100 100 100 
100.0 100 100 
0.12 0.12 0.12 
3.23 3.66 3.77 
2.22 1.83 1.97 
88.47 88.47 92.16 
100 100 100 
100 100 100 
100 100 100 
26.6 49.69 28.23 
99.89 99.89 99.89 
60.46 51.63 58.9 
48.52 67.23 41.52 
99.14 93.67 99.89 
4.79 13.66 4.83 
56.84 57.19 56.31 
99.89 99.89 99.89 
100 100 100 
55.56 64.47 54.47 
99.03 99.35 99.89 
0.12 0.12 0.12 
