11.71 12.58 12.3 
7.42 3.17 3.66 
63.9 64.07 66.47 
100 100 100 
100 100 100 
21.77 20.58 21.03 
100 100 100 
5.84 6.06 5.77 
53.45 56.46 57.88 
100 100 100 
100 100 100 
17.0 9.4 9.27 
100 100 100 
100 100 100 
100 100 100 
100 100 100 
100 100 100 
9.19 8.84 9.08 
1.58 1.61 7.96 
0.24 0.13 0.72 
92.8 80.15 100 
100 100 100 
100 100 100 
88.47 91.13 92.16 
96.0 96.0 100 
99.89 97.72 95.06 
64.27 51.81 62.07 
100 100 100 
99.89 99.73 99.82 
0.63 0.56 0.65 
100 100 100 
100 100 100 
100 100 100 
100 100 100 
100 100 100 
0.25 0.17 0.26 
3.23 3.66 3.77 
2.22 1.83 1.97 
88.47 88.47 92.16 
100 100 100 
100 100 100 
100 100 100 
26.6 49.69 28.23 
99.89 99.89 99.89 
77.01 75.67 81.65 
48.52 55.92 41.52 
99.85 99.25 99.89 
4.04 4.25 3.92 
59.21 57.19 58.81 
99.89 99.89 99.87 
100 100 100 
57.88 55.61 56.74 
99.89 99.47 99.89 
0.23 0.14 0.12 
