6.46 9.6 15.05 
38.2 36.44 38.94 
100 100 100 
100 100 100 
100 100 100 
100 100 100 
100 100 100 
81.18 76.92 84.93 
100 100 100 
100 100 100 
100 100 100 
100 100 100 
100 100 100 
100 100 100 
100 100 100 
100 100 100 
100 100 100 
100 100 100 
24.8 21.88 24.02 
24.41 22.86 24.39 
100 100 100 
100 100 100 
100 100 100 
100 100 100 
100 100 100 
99.28 99.06 99.01 
100 100 100 
100 100 100 
100.0 100 100 
69.7 66.83 76.59 
100 100 100 
100 100 100 
100 100 100 
100 100 100 
100 100 100 
100 100 100 
12.57 12.36 13.3 
39.23 38.59 40.71 
100 100 100 
100 100 100 
100 100 100 
100 100 100 
34.74 31.61 33.52 
89.28 99.98 99.86 
96.0 100 100 
86.24 85.65 86.21 
99.94 99.98 99.98 
10.06 9.09 10.29 
100 100 100 
100.0 100.0 100.0 
100 100 100 
100 100 100 
92.46 100.0 100.0 
1.72 1.67 1.6 
