19.64 15.29 15.51 
5.33 5.37 5.19 
100 100 100 
100 100 100 
100 100 100 
100 100 100 
100 100 100 
56.29 58.47 52.97 
100 100 100 
100 100 100 
100 100 100 
100 100 100 
100 100 100 
100 100 100 
100 100 100 
100 100 100 
100 100 100 
100 100 100 
3.14 9.17 3.14 
3.02 3.25 3.05 
100 100 100 
100 100 100 
100 100 100 
100 100 100 
100 100 100 
73.09 93.28 87.13 
89.09 96.0 96.0 
100 100 100 
100.0 100.0 99.98 
27.33 27.47 28.85 
100 100 100 
100 100 100 
100 100 100 
100 100 100 
100 100 100 
35.4 34.56 34.5 
3.22 3.15 3.29 
12.71 12.6 10.54 
100 100 100 
100 100 100 
100 100 100 
100 100 100 
27.71 28.75 28.67 
99.92 82.08 99.94 
92.8 96.0 100 
64.79 64.7 65.06 
99.92 99.92 99.92 
2.68 2.73 2.74 
78.81 76.1 78.27 
99.97 99.98 99.98 
100 100 100 
76.2 78.83 85.3 
86.12 91.6 79.4 
0.73 0.7 1.34 
