5.56 5.47 5.6 
3.78 1.08 1.42 
66.56 64.07 66.47 
100 100 100 
100 100 100 
34.0 33.82 31.63 
100 100 100 
7.76 7.12 7.95 
54.76 69.24 62.8 
100 100 100 
100 100 100 
19.92 20.3 23.62 
100 100 100 
100 100 100 
100 100 100 
100 100 100 
100 100 100 
18.36 18.32 18.91 
5.4 1.79 2.35 
0.35 0.36 0.36 
92.8 80.15 100 
100 100 100 
100 100 100 
88.47 91.13 92.16 
96.0 96.0 100 
79.96 87.98 92.56 
66.95 64.65 64.66 
100 100 100 
99.89 99.64 99.73 
2.51 2.54 1.55 
100 100 100 
100 100 100 
100 100 100 
100 100 100 
100 100 100 
1.59 0.12 0.25 
3.23 15.94 3.21 
3.86 1.8 1.75 
88.47 88.47 92.16 
100 100 100 
100 100 100 
100 100 100 
26.6 38.76 28.23 
93.2 99.88 99.88 
77.01 75.67 81.65 
57.13 49.68 41.52 
96.88 81.56 99.52 
3.96 9.91 4.66 
59.21 57.19 58.81 
99.87 99.88 97.25 
100 100 100 
57.88 55.61 56.74 
95.4 98.89 99.88 
0.34 0.12 0.12 
