5.52 9.1 7.62 
10.5 10.48 10.8 
100 100 100 
100 100 100 
100 100 100 
100 100 100 
100 100 100 
63.63 63.41 61.26 
100 100 100 
100 100 100 
100 100 100 
100 100 100 
100 100 100 
100 100 100 
100 100 100 
100 100 100 
100 100 100 
100 100 100 
6.08 5.3 5.26 
5.36 5.05 5.28 
100 100 100 
100 100 100 
100 100 100 
100 100 100 
100 100 100 
97.94 99.92 99.92 
100 100 100 
100 100 100 
100.0 100.0 99.98 
44.97 45.24 46.97 
100 100 100 
100 100 100 
100 100 100 
100 100 100 
100 100 100 
100 100 100 
6.71 6.53 6.64 
18.26 17.47 18.71 
100 100 100 
100 100 100 
100 100 100 
100 100 100 
32.39 30.93 32.4 
99.79 99.96 99.96 
96.0 100 100 
76.28 69.47 73.53 
99.96 99.97 99.87 
13.56 23.57 11.92 
100 100 100 
99.99 99.99 100.0 
100 100 100 
100 100 100 
99.98 99.98 99.99 
0.12 2.55 0.12 
