7.3 7.34 7.16 
1.33 1.41 1.37 
66.56 64.07 69.24 
100 100 100 
100 100 100 
34.2 33.82 47.93 
100 100 100 
16.83 13.85 16.58 
72.13 75.14 75.14 
100 100 100 
100 100 100 
56.46 46.73 56.71 
100 100 100 
100 100 100 
100 100 100 
100 100 100 
100 100 100 
52.7 54.2 54.72 
2.23 2.28 2.2 
0.5 0.5 0.76 
92.8 80.15 100 
100 100 100 
100 100 100 
88.47 91.13 92.16 
96.0 96.0 100 
99.91 92.56 90.97 
75.68 76.11 79.29 
100 100 100 
99.88 99.91 99.92 
3.43 1.15 1.16 
100 100 100 
100 100 100 
100 100 100 
100 100 100 
100 100 100 
0.22 0.23 0.2 
4.12 5.75 4.27 
2.32 2.26 2.24 
88.47 88.47 92.16 
100 100 100 
100 100 100 
100 100 100 
26.6 38.76 28.23 
95.86 99.92 99.92 
80.22 82.1 90.76 
74.53 43.99 41.52 
98.14 99.91 97.24 
8.16 7.55 23.88 
75.66 73.06 75.14 
99.92 99.75 99.92 
100 100 100 
66.97 76.99 69.58 
97.68 97.16 99.92 
0.86 0.85 20.69 
