24.69 32.87 22.55 
24.25 23.5 22.9 
100 100 100 
100 100 100 
100 100 100 
100 100 100 
100 100 100 
71.92 63.41 69.24 
100 100 100 
100 100 100 
100 100 100 
100 100 100 
100 100 100 
100 100 100 
100 100 100 
100 100 100 
100 100 100 
100 100 100 
9.02 8.87 7.68 
10.48 11.28 11.07 
100 100 100 
100 100 100 
100 100 100 
100 100 100 
100 100 100 
99.9 99.9 99.78 
100 100 100 
100 100 100 
100.0 100.0 99.98 
44.97 45.24 46.97 
100 100 100 
100 100 100 
100 100 100 
100 100 100 
100 100 100 
100 100 100 
8.07 7.92 7.82 
18.26 17.47 18.71 
100 100 100 
100 100 100 
100 100 100 
100 100 100 
34.74 31.61 33.52 
99.95 83.0 99.96 
96.0 100 100 
86.23 81.72 77.65 
99.96 99.96 99.98 
13.56 23.57 11.92 
100 100 100 
99.99 99.99 100.0 
100 100 100 
100 100 100 
99.98 99.98 99.99 
0.12 2.55 0.12 
