3.9 23.02 3.88 
1.94 2.45 1.93 
36.05 38.04 35.39 
100 100 100 
100 100 100 
21.25 11.68 13.06 
100 100 100 
4.08 4.23 4.34 
51.31 50.69 51.21 
100 100 100 
66.08 75.66 81.53 
5.87 6.19 6.16 
100 100 100 
100 100 100 
100 100 100 
100 100 100 
100 100 100 
2.62 2.73 2.65 
2.68 1.61 4.31 
0.78 0.24 0.24 
78.22 76.94 78.27 
100 100 100 
100 100 100 
81.53 76.39 80.99 
96.0 96.0 100 
99.89 92.7 96.18 
44.69 45.5 38.5 
100 100 100 
92.12 99.89 99.6 
4.37 10.84 4.63 
100 100 100 
100 100 100 
100 100 100 
100 100 100 
100.0 100 100 
0.16 0.77 8.41 
6.06 2.88 3.57 
1.22 1.32 1.31 
88.47 88.47 92.16 
100 100 100 
100 100 100 
100 100 100 
26.6 52.94 28.23 
99.89 99.89 99.89 
60.46 51.63 58.9 
64.07 46.56 43.97 
99.89 99.84 99.89 
3.01 8.92 7.28 
56.84 57.19 56.31 
99.89 99.89 99.89 
100 100 100 
55.56 64.47 54.47 
99.8 98.81 99.89 
7.02 3.06 0.12 
