16.96 23.36 17.88 
24.25 23.5 22.9 
100 100 100 
100 100 100 
100 100 100 
100 100 100 
100 100 100 
71.92 63.41 69.24 
100 100 100 
100 100 100 
100 100 100 
100 100 100 
100 100 100 
100 100 100 
100 100 100 
100 100 100 
100 100 100 
100 100 100 
14.69 14.55 14.04 
17.84 18.36 17.19 
100 100 100 
100 100 100 
100 100 100 
100 100 100 
100 100 100 
99.78 89.0 91.41 
100 100 100 
100 100 100 
100.0 100 100 
44.97 45.24 46.97 
100 100 100 
100 100 100 
100 100 100 
100 100 100 
100 100 100 
100 100 100 
11.59 11.87 10.96 
33.0 31.79 31.87 
100 100 100 
100 100 100 
100 100 100 
100 100 100 
34.74 31.61 33.52 
99.96 99.95 99.96 
96.0 100 100 
82.79 81.72 83.86 
99.96 99.96 99.98 
13.56 23.57 11.92 
100 100 100 
100.0 100.0 100.0 
100 100 100 
100 100 100 
99.98 80.02 100.0 
0.12 2.55 0.12 
