4.5 4.63 4.48 
4.74 2.79 2.89 
72.22 75.14 78.27 
100 100 100 
100 100 100 
34.2 35.23 34.92 
100 100 100 
27.19 26.65 26.84 
75.14 75.14 75.14 
100 100 100 
100 100 100 
61.26 59.58 61.53 
100 100 100 
100 100 100 
100 100 100 
100 100 100 
100 100 100 
72.13 75.14 72.13 
2.35 2.32 2.28 
1.58 1.17 1.15 
100 100 100 
100 100 100 
100 100 100 
96.0 91.13 100 
100 100 100 
96.37 73.84 87.15 
78.83 76.11 76.92 
100 100 100 
99.98 99.91 99.87 
12.81 2.66 2.69 
100 100 100 
100 100 100 
100 100 100 
100 100 100 
100 100 100 
0.12 0.12 0.12 
6.09 8.53 5.43 
6.12 7.07 7.2 
100 100 100 
100 100 100 
100 100 100 
100 100 100 
26.6 40.38 27.54 
99.88 99.68 99.2 
85.53 88.47 88.47 
48.4 51.87 46.93 
99.25 99.93 99.94 
7.44 1.23 13.03 
75.66 73.06 75.14 
99.95 99.95 99.95 
100 100 100 
76.2 78.83 85.3 
87.17 99.94 98.99 
0.12 0.12 0.12 
