10.79 12.27 13.88 
50.41 39.55 47.62 
100 100 100 
100 100 100 
100 100 100 
100 100 100 
100 100 100 
83.04 82.04 96.0 
100 100 100 
100 100 100 
100 100 100 
100 100 100 
100 100 100 
100 100 100 
100 100 100 
100 100 100 
100 100 100 
100 100 100 
36.62 39.85 37.48 
39.09 38.3 40.43 
100 100 100 
100 100 100 
100 100 100 
100 100 100 
100 100 100 
94.39 94.69 86.65 
100 100 100 
100 100 100 
100 100 100 
69.7 66.83 76.59 
100 100 100 
100 100 100 
100 100 100 
100 100 100 
100 100 100 
100 100 100 
32.83 31.4 33.02 
52.4 55.03 60.89 
100 100 100 
100 100 100 
100 100 100 
100 100 100 
44.02 44.86 38.69 
98.6 99.98 100.0 
100 100 100 
89.83 89.22 93.54 
100.0 99.98 99.98 
18.61 18.94 18.28 
100 100 100 
100.0 100.0 100.0 
100 100 100 
100 100 100 
100.0 100.0 100.0 
4.28 9.95 4.0 
