9.97 11.27 11.04 
1.17 1.2 1.07 
15.16 14.22 19.26 
100 100 100 
100 100 100 
2.45 3.31 2.79 
100 100 100 
1.39 1.44 1.41 
49.26 50.69 51.21 
100 100 100 
66.08 75.66 78.27 
0.35 0.35 0.36 
100 100 100 
100 100 100 
100 100 100 
100 100 100 
100 100 100 
0.25 0.24 0.25 
3.9 3.82 7.28 
0.53 5.02 1.68 
44.16 38.12 43.77 
100 100 100 
100 100 100 
72.13 70.4 72.29 
88.47 92.16 92.16 
99.88 92.01 92.24 
37.26 37.81 37.54 
100 100 100 
97.86 99.89 84.17 
0.81 20.64 0.84 
100 100 100 
100 100 100 
100 100 100 
100 100 100 
100.0 100 100 
0.55 0.12 0.12 
1.84 2.1 2.07 
23.32 2.55 4.5 
73.16 65.76 65.33 
100 100 100 
100 100 100 
83.16 84.01 68.68 
26.6 26.43 26.28 
99.65 98.45 80.98 
49.3 49.56 60.78 
46.99 56.16 50.35 
98.25 90.84 99.84 
2.28 3.75 3.74 
46.43 46.83 46.07 
98.85 97.24 87.58 
100 100 100 
55.56 64.47 54.47 
82.22 78.24 97.3 
0.8 0.12 0.12 
