4.68 4.82 4.72 
2.38 5.55 3.54 
72.22 88.47 88.47 
100 100 100 
100 100 100 
67.74 67.34 69.59 
100 100 100 
30.73 41.75 29.13 
81.53 84.93 84.93 
100 100 100 
100 100 100 
66.47 64.65 66.76 
100 100 100 
100 100 100 
100 100 100 
100 100 100 
100 100 100 
72.13 75.14 72.13 
3.01 3.08 3.59 
1.89 2.12 1.96 
100 100 100 
100 100 100 
100 100 100 
100 100 100 
100 100 100 
99.1 96.87 80.29 
78.83 79.28 80.13 
100 100 100 
99.98 99.91 99.87 
6.57 6.43 6.84 
100 100 100 
100 100 100 
100 100 100 
100 100 100 
100 100 100 
3.04 3.08 3.0 
4.41 13.94 2.21 
8.6 9.41 8.14 
100 100 100 
100 100 100 
100 100 100 
100 100 100 
27.71 28.75 27.54 
96.95 96.81 99.62 
89.09 88.47 92.16 
48.4 59.15 46.94 
99.95 99.95 99.96 
2.96 2.93 2.91 
78.81 76.1 78.27 
99.95 99.95 99.95 
100 100 100 
76.2 78.83 85.3 
99.94 99.94 98.45 
0.82 0.3 0.84 
