6.11 13.02 5.78 
2.76 2.68 2.79 
72.22 75.14 78.27 
100 100 100 
100 100 100 
34.2 33.82 47.93 
100 100 100 
23.21 23.58 19.69 
72.13 75.14 75.14 
100 100 100 
100 100 100 
58.81 59.69 59.07 
100 100 100 
100 100 100 
100 100 100 
100 100 100 
100 100 100 
72.13 75.14 72.13 
6.12 1.78 1.91 
0.78 0.78 0.78 
92.8 80.15 100 
100 100 100 
100 100 100 
88.47 91.13 92.16 
96.0 96.0 100 
99.88 86.24 96.24 
75.68 76.11 81.52 
100 100 100 
99.98 99.91 99.87 
0.6 0.59 0.59 
100 100 100 
100 100 100 
100 100 100 
100 100 100 
100 100 100 
1.11 0.12 0.12 
4.85 5.43 5.48 
5.19 5.13 5.02 
100 100 100 
100 100 100 
100 100 100 
100 100 100 
26.6 38.76 28.23 
99.88 91.77 80.91 
80.22 82.1 90.76 
44.6 45.9 45.05 
99.81 86.56 99.88 
5.44 4.85 5.56 
75.66 73.06 75.14 
99.95 99.95 99.95 
100 100 100 
76.2 78.83 85.3 
99.25 79.97 99.84 
1.14 0.12 0.12 
