10.32 9.08 12.6 
6.84 3.17 3.66 
58.89 59.05 42.93 
100 100 100 
100 100 100 
20.29 11.68 13.06 
100 100 100 
5.84 6.06 5.77 
53.45 56.46 57.88 
100 100 100 
100 100 100 
9.08 9.02 9.27 
100 100 100 
100 100 100 
100 100 100 
100 100 100 
100 100 100 
9.19 8.84 9.08 
1.58 1.61 7.96 
0.24 0.13 0.72 
81.48 80.15 81.53 
100 100 100 
100 100 100 
88.47 76.39 88.47 
96.0 96.0 100 
99.89 99.19 98.33 
46.37 46.59 47.13 
100 100 100 
99.89 99.73 99.82 
4.69 1.35 4.73 
100 100 100 
100 100 100 
100 100 100 
100 100 100 
100.0 100 100 
0.2 0.14 0.12 
3.23 3.66 3.77 
2.22 1.83 1.97 
88.47 88.47 92.16 
100 100 100 
100 100 100 
100 100 100 
26.6 49.69 28.23 
99.89 99.89 99.89 
65.6 66.94 69.34 
48.52 64.52 41.52 
94.18 99.82 99.89 
5.91 5.5 6.24 
56.84 57.19 56.31 
99.89 99.89 99.89 
100 100 100 
55.56 64.47 54.47 
99.21 99.89 99.89 
0.34 0.35 0.34 
