14.52 10.18 9.3 
7.62 7.38 7.2 
100 100 100 
100 100 100 
100 100 100 
100 100 100 
100 100 100 
61.08 63.41 61.26 
100 100 100 
100 100 100 
100 100 100 
100 100 100 
100 100 100 
100 100 100 
100 100 100 
100 100 100 
100 100 100 
100 100 100 
4.96 4.89 4.63 
7.49 4.21 4.26 
100 100 100 
100 100 100 
100 100 100 
100 100 100 
100 100 100 
99.92 99.92 99.92 
100 100 100 
100 100 100 
100.0 100.0 99.98 
44.97 45.24 46.97 
100 100 100 
100 100 100 
100 100 100 
100 100 100 
100 100 100 
100 100 100 
6.71 6.53 6.64 
18.26 17.47 18.71 
100 100 100 
100 100 100 
100 100 100 
100 100 100 
32.39 30.93 32.4 
99.77 99.86 99.96 
96.0 100 100 
73.23 69.47 70.59 
95.29 97.44 99.51 
11.6 11.31 11.75 
92.16 96.0 96.0 
99.97 99.99 99.99 
100 100 100 
76.2 78.83 85.3 
99.98 99.98 99.99 
0.12 2.55 0.12 
