7.55 20.44 6.5 
2.51 3.62 2.12 
30.51 33.66 33.97 
100 100 100 
100 100 100 
13.69 11.68 13.06 
100 100 100 
4.08 4.23 4.34 
51.31 50.69 51.21 
100 100 100 
66.08 75.66 81.53 
3.94 3.97 3.93 
100 100 100 
100 100 100 
100 100 100 
100 100 100 
100 100 100 
2.14 2.23 2.16 
3.45 2.05 8.7 
0.52 0.32 0.24 
78.22 76.94 78.27 
100 100 100 
100 100 100 
81.53 76.39 80.99 
88.47 92.16 92.16 
99.89 98.93 98.93 
42.9 48.6 38.5 
100 100 100 
96.73 99.89 99.66 
11.06 1.59 1.57 
100 100 100 
100 100 100 
100 100 100 
100 100 100 
100.0 100 100 
0.33 0.32 0.33 
2.17 22.01 2.19 
1.12 1.12 1.08 
88.47 88.47 92.16 
100 100 100 
100 100 100 
100 100 100 
26.6 26.43 27.38 
99.89 98.08 98.21 
58.04 51.63 58.9 
54.42 46.56 43.97 
93.77 92.12 99.89 
4.92 4.37 4.77 
56.84 54.9 56.31 
99.89 99.89 99.89 
100 100 100 
55.56 64.47 54.47 
97.77 91.73 99.89 
1.25 0.12 0.12 
