7.62 7.24 7.32 
2.78 2.7 3.05 
100 100 100 
100 100 100 
100 100 100 
100 100 100 
100 100 100 
30.73 34.36 27.78 
96.0 100 100 
100 100 100 
100 100 100 
100 100 100 
100 100 100 
100 100 100 
100 100 100 
100 100 100 
100 100 100 
100 100 100 
3.14 4.22 3.88 
2.63 2.88 2.81 
100 100 100 
100 100 100 
100 100 100 
100 100 100 
100 100 100 
99.9 99.22 99.54 
82.11 81.53 87.85 
100 100 100 
99.99 99.87 99.64 
20.74 20.7 19.31 
100 100 100 
100 100 100 
100 100 100 
100 100 100 
100 100 100 
28.93 28.29 28.14 
4.41 13.94 2.21 
10.71 12.5 12.79 
100 100 100 
100 100 100 
100 100 100 
100 100 100 
27.71 28.75 27.54 
99.95 99.94 99.94 
89.09 88.47 92.16 
61.71 57.62 59.96 
98.66 97.98 99.93 
7.61 7.66 25.18 
78.81 76.1 78.27 
99.95 99.95 99.95 
100 100 100 
76.2 78.83 85.3 
97.26 99.39 99.94 
1.01 1.0 1.01 
