22.7 24.4 24.15 
56.19 69.31 69.95 
100 100 100 
100 100 100 
100 100 100 
100 100 100 
100 100 100 
83.04 83.35 96.0 
100 100 100 
100 100 100 
100 100 100 
100 100 100 
100 100 100 
100 100 100 
100 100 100 
100 100 100 
100 100 100 
100 100 100 
55.85 57.0 56.09 
69.21 68.86 73.8 
100 100 100 
100 100 100 
100 100 100 
100 100 100 
100 100 100 
99.98 96.14 92.3 
100 100 100 
100 100 100 
100 100 100 
69.7 66.83 76.59 
100 100 100 
100 100 100 
100 100 100 
100 100 100 
100 100 100 
100 100 100 
54.3 56.73 52.47 
72.41 72.99 77.79 
100 100 100 
100 100 100 
100 100 100 
100 100 100 
44.02 44.86 38.69 
99.98 100.0 100.0 
100 100 100 
96.8 89.22 96.8 
100.0 100.0 99.93 
36.2 34.98 37.68 
100 100 100 
100.0 100.0 100.0 
100 100 100 
100 100 100 
100.0 100.0 100.0 
13.05 13.99 19.1 
