3.0 2.93 2.9 
2.38 2.57 2.54 
72.22 75.14 78.27 
100 100 100 
100 100 100 
49.09 48.84 50.32 
100 100 100 
30.73 41.75 29.13 
75.14 75.14 75.14 
100 100 100 
100 100 100 
66.47 64.65 64.09 
100 100 100 
100 100 100 
100 100 100 
100 100 100 
100 100 100 
72.13 75.14 72.13 
2.66 3.08 2.8 
1.54 1.56 1.53 
100 100 100 
100 100 100 
100 100 100 
96.0 91.13 100 
100 100 100 
91.72 99.84 95.68 
78.83 76.11 76.92 
100 100 100 
99.98 99.91 99.87 
3.46 3.53 15.68 
100 100 100 
100 100 100 
100 100 100 
100 100 100 
100 100 100 
0.32 0.29 0.33 
6.09 8.53 5.43 
6.12 7.07 7.2 
100 100 100 
100 100 100 
100 100 100 
100 100 100 
27.71 28.75 27.54 
99.75 99.05 99.88 
85.53 88.47 88.47 
48.4 61.06 46.94 
95.78 99.95 99.94 
1.21 1.23 7.98 
78.81 76.1 78.27 
99.95 99.95 99.95 
100 100 100 
76.2 78.83 85.3 
79.97 99.94 98.45 
0.15 0.12 0.12 
