5.68 5.73 3.63 
1.68 1.35 1.01 
15.16 14.22 19.26 
100 100 100 
100 100 100 
1.04 4.62 1.04 
100 100 100 
1.51 1.5 1.53 
49.26 50.69 51.21 
100 100 100 
66.08 75.66 81.53 
0.41 0.4 0.42 
100 100 100 
100 100 100 
100 100 100 
100 100 100 
100 100 100 
0.32 0.33 0.33 
3.64 3.82 7.63 
0.53 2.36 0.69 
58.78 57.82 55.53 
100 100 100 
100 100 100 
72.13 73.33 72.29 
88.47 92.16 92.16 
99.27 90.1 88.01 
38.81 41.26 37.54 
100 100 100 
97.35 99.89 84.17 
0.19 0.2 0.2 
100 100 100 
100 100 100 
100 100 100 
100 100 100 
100.0 100 100 
0.15 0.12 0.12 
1.84 2.67 2.87 
10.87 2.55 4.5 
81.53 80.47 76.21 
100 100 100 
100 100 100 
96.0 94.75 96.0 
26.6 26.43 26.28 
99.65 96.39 97.69 
51.35 49.56 51.02 
46.99 45.22 43.33 
98.91 96.55 96.9 
2.28 8.06 8.29 
46.43 46.83 47.99 
99.85 99.88 99.88 
100 100 100 
55.56 64.47 54.47 
88.94 98.86 77.94 
0.12 0.12 0.12 
