9.92 9.74 9.87 
3.19 7.54 5.65 
11.87 11.87 12.21 
100 100 100 
100 100 100 
3.24 6.71 3.12 
92.8 92.16 96.0 
3.74 0.34 0.34 
28.66 29.83 28.92 
100 100 100 
64.4 67.32 72.13 
1.71 1.46 1.74 
100 100 100 
100 100 100 
100 100 100 
100 100 100 
100 100 100 
1.04 0.52 1.85 
1.3 1.29 6.28 
1.54 0.93 0.94 
31.77 30.5 33.03 
100 100 100 
100 100 100 
69.24 67.58 66.62 
44.97 44.28 46.03 
70.49 99.6 99.36 
29.01 29.13 27.22 
100 100 100 
99.88 97.36 89.84 
0.55 5.15 0.56 
100 100 100 
100 100 100 
100 100 100 
100 100 100 
100.0 100 100 
0.71 0.77 0.78 
1.07 1.07 1.11 
1.46 0.92 23.6 
46.65 54.63 55.49 
100 100 100 
100 100 100 
83.16 77.66 68.68 
7.72 6.71 6.66 
99.88 99.88 99.88 
30.82 51.73 32.72 
41.74 40.92 62.48 
99.88 99.79 99.88 
3.27 1.36 8.93 
22.57 23.09 22.87 
99.88 99.88 99.2 
100 100 100 
62.65 54.75 54.47 
99.54 94.68 99.88 
0.12 0.12 0.12 
