3.68 11.48 3.63 
2.98 1.03 0.71 
15.56 14.22 15.05 
100 100 100 
100 100 100 
5.68 5.87 5.78 
100 100 100 
1.51 1.5 1.53 
49.26 50.69 51.21 
100 100 100 
66.08 75.66 81.53 
1.57 1.56 1.54 
100 100 100 
100 100 100 
100 100 100 
100 100 100 
100 100 100 
0.51 0.5 0.5 
3.64 3.82 9.17 
0.53 0.75 0.78 
78.22 76.94 75.14 
100 100 100 
100 100 100 
81.53 76.39 80.99 
88.47 92.16 92.16 
93.02 78.8 78.52 
38.81 50.6 37.54 
100 100 100 
97.35 99.89 84.17 
0.75 0.53 0.52 
100 100 100 
100 100 100 
100 100 100 
100 100 100 
100.0 100 100 
0.29 0.12 0.12 
1.84 2.67 3.82 
13.88 2.55 4.5 
81.53 80.47 76.21 
100 100 100 
100 100 100 
96.0 94.75 96.0 
26.6 26.43 26.28 
99.64 96.39 97.69 
51.35 51.63 51.02 
50.99 45.22 43.97 
99.07 92.59 95.13 
3.03 2.96 2.93 
46.43 46.83 47.99 
99.85 99.88 99.88 
100 100 100 
55.56 64.47 54.47 
83.0 84.42 77.94 
0.12 0.12 0.12 
