1.33 1.39 1.35 
4.07 10.0 1.25 
11.45 11.87 14.39 
100 100 100 
100 100 100 
3.24 6.71 3.12 
92.8 92.16 96.0 
0.66 0.68 0.64 
24.34 23.05 24.56 
100 100 100 
64.4 67.32 72.13 
0.71 2.44 0.72 
100 100 100 
100 100 100 
100 100 100 
100 100 100 
100 100 100 
0.35 0.52 0.36 
1.3 1.29 5.25 
0.84 1.1 0.89 
31.77 30.5 33.03 
100 100 100 
100 100 100 
69.24 67.58 66.62 
44.97 44.28 46.03 
99.9 99.81 99.35 
47.1 28.35 25.08 
100 100 100 
89.94 99.89 96.57 
0.73 0.72 0.75 
100 100 100 
100 100 100 
100 100 100 
100 100 100 
100.0 100 100 
0.45 0.44 0.44 
0.99 1.0 1.22 
1.46 0.92 9.2 
46.65 54.63 55.49 
100 100 100 
100 100 100 
83.16 77.66 68.68 
7.72 6.71 6.66 
99.9 99.9 99.9 
30.82 30.69 31.41 
41.74 40.92 65.86 
93.48 99.88 99.88 
21.41 1.75 1.77 
22.57 23.09 22.87 
99.9 99.9 99.88 
100 100 100 
62.65 54.75 54.47 
99.22 97.25 99.9 
0.12 0.12 0.12 
