13.07 6.78 7.93 
1.4 0.68 0.69 
13.97 21.02 13.8 
100 100 100 
100 100 100 
1.56 1.59 1.58 
100 100 100 
1.04 1.08 1.06 
40.17 41.33 41.75 
100 100 100 
64.4 67.32 72.13 
0.16 0.16 0.49 
100 100 100 
100 100 100 
100 100 100 
100 100 100 
100 100 100 
0.12 0.12 0.12 
3.9 3.82 8.23 
0.53 3.62 1.68 
44.16 38.12 43.77 
100 100 100 
100 100 100 
72.13 70.4 72.29 
88.47 92.16 92.16 
80.72 97.43 93.77 
34.16 59.1 34.6 
100 100 100 
98.6 92.44 87.32 
9.12 0.16 0.12 
100 100 100 
100 100 100 
100 100 100 
100 100 100 
100.0 100 100 
0.12 0.12 0.12 
1.84 2.1 2.07 
23.32 2.55 4.5 
73.16 65.76 65.33 
100 100 100 
100 100 100 
83.16 84.01 68.68 
26.6 26.43 26.28 
99.89 99.87 99.37 
49.3 49.56 53.78 
46.58 49.68 57.85 
99.48 99.51 99.89 
1.51 1.74 1.8 
46.43 46.83 46.07 
99.88 99.21 96.54 
100 100 100 
55.56 64.47 54.47 
87.07 99.83 94.25 
0.12 0.12 0.12 
