14.22 13.85 13.83 
6.85 7.72 6.65 
100 100 100 
100 100 100 
100 100 100 
100 100 100 
100 100 100 
61.08 60.87 61.26 
100 100 100 
100 100 100 
100 100 100 
100 100 100 
100 100 100 
100 100 100 
100 100 100 
100 100 100 
100 100 100 
100 100 100 
4.72 4.4 3.84 
3.68 3.68 3.63 
100 100 100 
100 100 100 
100 100 100 
100 100 100 
100 100 100 
93.61 87.54 90.1 
100 100 100 
100 100 100 
100.0 100.0 99.98 
44.97 45.24 46.97 
100 100 100 
100 100 100 
100 100 100 
100 100 100 
100 100 100 
100 100 100 
5.04 4.8 5.09 
15.58 15.46 15.89 
100 100 100 
100 100 100 
100 100 100 
100 100 100 
32.39 30.93 32.4 
99.95 95.99 99.96 
96.0 100 100 
67.49 64.7 67.77 
97.99 99.47 99.9 
11.6 11.31 11.75 
92.16 96.0 96.0 
99.97 99.99 99.99 
100 100 100 
76.2 78.83 85.3 
99.98 99.98 99.99 
0.12 2.55 0.12 
